0 0.07301899622843949 0.4287363896702315 0.14603799245687898 0.21336055399287043
0 0.6710949542527567 0.7269737225755873 0.015390902246324206 0.019533327955445164
0 0.7325492474264991 0.7273106128962336 0.01954140827462728 0.016779791135213093
0 0.5691422315983327 0.8841587880182917 0.1624201228185762 0.22593731702509862
0 0.3449940107642251 0.918100628375259 0.01540706288468796 0.022311105733222942
0 0.7933986741745938 0.5332131591714127 0.12956664246616975 0.06950146968391506
0 0.9032995259856194 0.8002730468903999 0.011191914302930032 0.013953531442343901
0 0.8158194952809753 0.857030086919063 0.009811105733222941 0.015334340012050992
0 0.9234979231989718 0.5512056292481111 0.01750655685638473 0.025101003989773572
0 0.5201195506577361 0.2986999311785188 0.007699491282753002 0.010461108422167027
0 0.5357182896203949 0.30312291647661155 0.0084060562059703 0.012548481915091258
0 0.4311307518484742 0.5551117690647552 0.029275750975622038 0.01891968670281964
0 0.5423881712716611 0.827719132020116 0.011195954462520932 0.014647975886788345
0 0.4997478261435775 0.9953226527066836 0.006964645242399254 0.0035126238181318412
0 0.9704581661119859 0.9540437779171543 0.0063106023938641126 0.010453028102985071
0 0.4119972316335266 0.0243382763938875 0.008414136525152256 0.013937370803980187
0 0.15867125427978704 0.8362013201941112 0.011959081620011327 0.026457571601935116