0 0.09618055555555556 0.5864583333333333 0.011458333333333333 0.018055555555555554
0 0.017013888888888887 0.7305555555555555 0.034027777777777775 0.06111111111111111
0 0.303125 0.4 0.014583333333333334 0.02013888888888889
0 0.4996527777777778 0.5395833333333333 0.3302083333333333 0.1875
0 0.5086805555555556 0.7201388888888889 0.13159722222222223 0.049652777777777775
0 0.2565972222222222 0.7944444444444444 0.014930555555555556 0.018055555555555554
0 0.17430555555555555 0.25416666666666665 0.014930555555555556 0.021527777777777778
0 0.1986111111111111 0.09444444444444444 0.013888888888888888 0.021527777777777778
0 0.3368055555555556 0.12916666666666668 0.014583333333333334 0.020833333333333332
0 0.49583333333333335 0.18194444444444444 0.013541666666666667 0.016666666666666666
0 0.4236111111111111 0.33784722222222224 0.006597222222222222 0.007638888888888889