0 0.8995203785216717 0.22119816865310468 0.01882272287263681 0.012609084308955371
0 0.8552292286390842 0.1876082851857466 0.013949491282753001 0.010497469858485431
0 0.7964072674978456 0.1629613361447565 0.011171713504975225 0.010481309220121717
0 0.7718509905450531 0.06004417286109125 0.018830803191818606 0.0139979731978443
0 0.7912047629013002 0.10425249947206434 0.012552522074682 0.009100500650414706
0 0.8618004213265642 0.24285297995539842 0.011155552866611313 0.007703531442343901
0 0.8944107975957176 0.17846155420263474 0.013259086997899456 0.011187874143338977
0 0.9740757294640694 0.08552541485761068 0.011163633185793427 0.009092420331232828
0 0.8108593590880665 0.6776113321113404 0.02023181255948051 0.016089386850359547
0 0.5637924515074968 0.6431889442656497 0.021628781767551192 0.017486356058430234
0 0.2652551573384232 0.41541808929406016 0.03419342432100636 0.02867019004217847
0 0.2884088044053631 0.09820242392822291 0.10950047644991791 0.08188430505577778
0 0.9417961832761755 0.08742088076996525 0.00977070413731364 0.008389895567606508
0 0.9871310199052251 0.121364046698932 0.012544441755500202 0.0077116117615258165
0 0.4154546822329773 0.3312253594808499 0.009770704137313482 0.008389895567606546
0 0.04027062346899078 0.2377262489370927 0.009778784456495397 0.009778784456495436