0 0.5399305555555556 0.5774467796375123 0.027777777777777776 0.020994939716970862
0 0.734375 0.6469808021007537 0.02361111111111111 0.015415143203869755
0 0.871875 0.6658363092553157 0.044444444444444446 0.0773419035471537
0 0.7211805555555556 0.8802373724018591 0.022222222222222223 0.019573729551354467
0 0.6388888888888888 0.6939947246014436 0.019444444444444445 0.012613124468546427
0 0.6916666666666667 0.4693017767303552 0.010416666666666666 0.00908838017164189
0 0.6159722222222223 0.3532363993349426 0.011805555555555555 0.011179793824157179
0 0.5913194444444444 0.20066241811390867 0.0125 0.013961611761525855
0 0.20798611111111112 0.4116266944641536 0.0375 0.025218168617910743
0 0.1920138888888889 0.4764643263491175 0.03125 0.027265140514925672
0 0.3458333333333333 0.5065258883651776 0.1111111111111111 0.08259086997899504
0 0.253125 0.8042504159486759 0.21666666666666667 0.05403830757015145
0 0.38784722222222223 0.08489531802042956 0.022222222222222223 0.03554595177357677
0 0.06805555555555555 0.9993055555555556 0.1361111111111111 0.001388888888888889
0 0.5399305555555556 0.5180717796375123 0.022916666666666665 0.02513332526650108
0 0.9184027777777778 0.18346811105901975 0.019444444444444445 0.015390902246324127
0 0.8006944444444445 0.7362555262305774 0.013888888888888888 0.008414136525152256
0 0.28506944444444443 0.8898529299565259 0.011111111111111112 0.009786864775677234
0 0.37777777777777777 0.8067117357063609 0.011805555555555555 0.02090201604637956
0 0.9611111111111111 0.5559388030960848 0.011111111111111112 0.012564642553455012
0 0.971875 0.5441958700141889 0.006944444444444444 0.01254040159590946
0 0.8680555555555556 0.49116131059978757 0.010416666666666666 0.007005046838308557
0 0.13645833333333332 0.7230161135818421 0.015277777777777777 0.008422216844334054
0 0.14166666666666666 0.7074214147787743 0.011111111111111112 0.010481309220121677
0 0.6506944444444445 0.8048272962033786 0.013888888888888888 0.008414136525152256
0 0.6704861111111111 0.435497996307276 0.013888888888888888 0.011191914302930032