0 0.546875 0.196584403455644 0.015277777777777777 0.022311105733222942
0 0.6486111111111111 0.34266239794682796 0.018055555555555554 0.02024393303825336
0 0.26145833333333335 0.7487433423082115 0.02847222222222222 0.11613786876545065
0 0.2076388888888889 0.8248191188288024 0.019444444444444445 0.03136312446854643
0 0.15416666666666667 0.8831885820958557 0.021527777777777778 0.03831968939176357
0 0.1875 0.7521325097562208 0.01597222222222222 0.01606514589281384
0 0.1482638888888889 0.8255153518504437 0.009027777777777777 0.011858077630237555
0 0.6444444444444445 0.9572214903226157 0.022222222222222223 0.05499039621802113
0 0.6368055555555555 0.0773159374560042 0.01597222222222222 0.018842923670591656
0 0.40729166666666666 0.013480664711198131 0.010416666666666666 0.01464393572719745
0 0.6388888888888888 0.41830028015699927 0.013888888888888888 0.014664136525152098
0 0.08854166666666667 0.15294567590340055 0.009027777777777777 0.010469188741348903
0 0.2170138888888889 0.262026438761058 0.022222222222222223 0.0251292851069101
0 0.30520833333333336 0.35976176125132975 0.007638888888888889 0.008377775088833693