0 0.9604166666666667 0.007638888888888889 0.06875 0.015277777777777777
0 0.9715277777777778 0.2989583333333333 0.015277777777777777 0.02326388888888889
0 0.6951388888888889 0.228125 0.01597222222222222 0.016319444444444445
0 0.690625 0.4048611111111111 0.059722222222222225 0.03784722222222222
0 0.8947916666666667 0.6131944444444445 0.022569444444444444 0.025
0 0.9767361111111111 0.6371527777777778 0.030208333333333334 0.11840277777777777
0 0.8638888888888889 0.759375 0.014930555555555556 0.021527777777777778
0 0.465625 0.7666666666666667 0.06805555555555555 0.07013888888888889
0 0.134375 0.11805555555555555 0.011805555555555555 0.01597222222222222
0 0.2864583333333333 0.2309027777777778 0.4829861111111111 0.22534722222222223
0 0.6552083333333333 0.5454861111111111 0.010069444444444445 0.012847222222222222