0 0.5503472222222222 0.4465277777777778 0.019444444444444445 0.017708333333333333
0 0.4934027777777778 0.45034722222222223 0.01875 0.022222222222222223
0 0.4270833333333333 0.6427083333333333 0.012152777777777778 0.019791666666666666
0 0.5684027777777778 0.9892361111111111 0.012152777777777778 0.013541666666666667
0 0.19375 0.634375 0.013194444444444444 0.023958333333333335
0 0.21944444444444444 0.1798611111111111 0.08715277777777777 0.18159722222222222
0 0.5854166666666667 0.10208333333333333 0.022916666666666665 0.026041666666666668
0 0.5965277777777778 0.2652777777777778 0.12881944444444443 0.059722222222222225
0 0.971875 0.28402777777777777 0.03229166666666667 0.02361111111111111
0 0.34131944444444445 0.05381944444444445 0.009722222222222222 0.009375
0 0.5256944444444445 0.8697916666666666 0.03090277777777778 0.03298611111111111
0 0.8888888888888888 0.8079861111111111 0.01423611111111111 0.018055555555555554
0 0.7131944444444445 0.5149305555555556 0.00798611111111111 0.009722222222222222
0 0.6010416666666667 0.5927083333333333 0.006597222222222222 0.011111111111111112
0 0.5847222222222223 0.7673611111111112 0.009375 0.013194444444444444
0 0.37743055555555555 0.5493055555555556 0.0125 0.014583333333333334
0 0.8649305555555555 0.48819444444444443 0.012847222222222222 0.012152777777777778