0 0.5680555555555555 0.43645833333333334 0.02013888888888889 0.022222222222222223
0 0.5611111111111111 0.49930555555555556 0.025 0.021527777777777778
0 0.34618055555555555 0.5649305555555556 0.022916666666666665 0.014583333333333334
0 0.34652777777777777 0.8229166666666666 0.027083333333333334 0.015277777777777777
0 0.8493055555555555 0.8118055555555556 0.20347222222222222 0.10347222222222222
0 0.9493055555555555 0.4111111111111111 0.029861111111111113 0.025694444444444443
0 0.7694444444444445 0.3923611111111111 0.07083333333333333 0.14444444444444443
0 0.9913194444444444 0.6826388888888889 0.00625 0.010416666666666666
0 0.09965277777777778 0.44756944444444446 0.0375 0.035416666666666666
0 0.18194444444444444 0.04861111111111111 0.020833333333333332 0.01597222222222222
0 0.4986111111111111 0.25381944444444443 0.011111111111111112 0.009027777777777777
0 0.4079861111111111 0.375 0.0125 0.008333333333333333
0 0.21493055555555557 0.3857638888888889 0.014583333333333334 0.011111111111111112
0 0.4479166666666667 0.6232638888888888 0.016666666666666666 0.014583333333333334
0 0.5340277777777778 0.0875 0.013888888888888888 0.014583333333333334