0 0.435122302637138 0.9483968145937856 0.037980778991322 0.08285705750679995
0 0.3684864001726009 0.8233521413356866 0.09348381247219524 0.07415249249629723
0 0.9788081865324734 0.30605192756463123 0.03279645511293552 0.027273220834107628
0 0.2613756781207247 0.49320394739101975 0.014688377482697806 0.018140398906965376
0 0.4365262580949901 0.7070773701493411 0.012596963830182517 0.016739389539303477
0 0.4564512500281579 0.6842758480310162 0.020235852719071405 0.016783831294803993
0 0.617846729385233 0.7557033163268166 0.011151512707020415 0.007009086997899456
0 0.7212570236415917 0.5878964620887027 0.012556562234273214 0.009794945094859031
0 0.6312972609585047 0.8311313417408577 0.0069767657211719505 0.005595957151465174
0 0.545110775830758 0.4854793525839192 0.0351221980217253 0.06895200797954715
0 0.9341327584835493 0.5245494175901974 0.013977772399889609 0.015358580969596542
0 0.9762759324793482 0.5025716250232272 0.018128278428192365 0.012605044149364473