0 0.8791903400036022 0.9016751091556426 0.11992164628137295 0.19664978168871478
0 0.7567842905199922 0.8720818060905272 0.011870198109010566 0.01117979382415702
0 0.7714102135880361 0.40204392119141186 0.010469188741348981 0.00908838017164189
0 0.6073031560812363 0.3635904435279497 0.012556562234273214 0.00979494509485919
0 0.49273015464947906 0.42438013044898226 0.012552522074682316 0.009100500650414744
0 0.3613942172286687 0.6475667933004459 0.009770704137313482 0.008389895567606546
0 0.40533099058024696 0.9186465763688266 0.011866157949419668 0.010485349379712577
0 0.47849006682237005 0.960737459792542 0.009068179373687238 0.006996966519126759
0 0.6190968861042109 0.9584305921097076 0.012548481915091258 0.008406056205970142
0 0.24316407224390085 0.9152726435487862 0.011163633185793347 0.00909242033123279
0 0.21734236277234176 0.8932481576439214 0.009758583658540706 0.006306562234273214
0 0.402177940965709 0.973487486681983 0.015322219533278138 0.007727772399889608
0 0.296352725343368 0.15067742123927882 0.017425753664566123 0.011212115100884646
0 0.34645598091553576 0.22839684820558664 0.014652016046379323 0.011890398906965376
0 0.43784341356523004 0.061573078320070744 0.01606514589281384 0.01606514589281388
0 0.421200987856109 0.06564278115655482 0.01047726906053078 0.01047726906053078
0 0.8289777051762873 0.2110658702324019 0.016032824616086336 0.010509590337258285
0 0.7328314909772548 0.21640908590683436 0.019525247636263367 0.014002013357435316
0 0.748259912172891 0.5407934245744133 0.016727269060530778 0.010513630496849185
0 0.5720209721940643 0.6849020727676122 0.027854540810005643 0.01335605082808213
0 0.054196400242988614 0.9006320534733836 0.011163633185793347 0.00909242033123279
0 0.11417066943444722 0.824941880691129 0.014692417642288744 0.018834843351409822
0 0.019174280200641856 0.6101603480352407 0.025052522074682237 0.00917322352305171
0 0.05379907558748405 0.47425528506326753 0.00906413921409626 0.0063025220746823155
0 0.2747982869666447 0.5637324801778357 0.013263127157490433 0.01188231858778342
0 0.41619426294071826 0.51802889495661 0.01047726906053078 0.01047726906053078
0 0.01124738246780253 0.26220934001205093 0.00424746985848549 0.013913129846434518
0 0.3224383707603376 0.0390274118279745 0.01815655954532913 0.017466155260475583
0 0.5893335379464912 0.1395351463644338 0.013275247636263367 0.013965651921116755