0 0.9763888888888889 0.03854166666666667 0.013888888888888888 0.018055555555555554
0 0.9340277777777778 0.2111111111111111 0.017361111111111112 0.02013888888888889
0 0.6579861111111112 0.13020833333333334 0.015625 0.017361111111111112
0 0.27743055555555557 0.05451388888888889 0.03333333333333333 0.03819444444444445
0 0.09826388888888889 0.003125 0.01597222222222222 0.00625
0 0.36944444444444446 0.24409722222222222 0.459375 0.22361111111111112
0 0.6590277777777778 0.4284722222222222 0.025694444444444443 0.03263888888888889
0 0.6111111111111112 0.4440972222222222 0.013194444444444444 0.014930555555555556
0 0.8472222222222222 0.5225694444444444 0.01423611111111111 0.025
0 0.8163194444444445 0.6690972222222222 0.015625 0.02013888888888889
0 0.8930555555555556 0.7274305555555556 0.007291666666666667 0.009375