0 0.18263888888888888 0.10173611111111111 0.017361111111111112 0.01875
0 0.13923611111111112 0.2746527777777778 0.014583333333333334 0.02048611111111111
0 0.3559027777777778 0.12916666666666668 0.01875 0.018055555555555554
0 0.4840277777777778 0.19444444444444445 0.013888888888888888 0.02048611111111111
0 0.03680555555555556 0.159375 0.07361111111111111 0.17916666666666667
0 0.07951388888888888 0.5684027777777778 0.014583333333333334 0.01875
0 0.06041666666666667 0.7302083333333333 0.044444444444444446 0.084375
0 0.012152777777777778 0.7263888888888889 0.014583333333333334 0.02048611111111111
0 0.23125 0.8027777777777778 0.016319444444444445 0.019097222222222224
0 0.4888888888888889 0.7420138888888889 0.13090277777777778 0.059722222222222225
0 0.46458333333333335 0.5333333333333333 0.31319444444444444 0.15868055555555555
0 0.2833333333333333 0.4097222222222222 0.01423611111111111 0.022222222222222223
0 0.4041666666666667 0.35 0.005902777777777778 0.00798611111111111