0 0.09583333333333334 0.9221487670981017 0.08194444444444444 0.03150906549260558
0 0.21770833333333334 0.8526750675260014 0.07847222222222222 0.10230199586250453
0 0.18368055555555557 0.3173071276787688 0.31527777777777777 0.14533525574650305
0 0.6065972222222222 0.1981499356213573 0.011111111111111112 0.016795956149656552
0 0.5572916666666666 0.745945879924347 0.018055555555555554 0.015487873187636423
0 0.45694444444444443 0.6544051922342654 0.008333333333333333 0.00981918933446448
0 0.2635416666666667 0.5139473039642238 0.022222222222222223 0.023869690077090725
0 0.196875 0.5671535964177185 0.009027777777777777 0.011216158816040434
0 0.1423611111111111 0.8139684784991928 0.005555555555555556 0.009786866963717165
0 0.825 0.6147058114435607 0.019444444444444445 0.014809589928565478
0 0.5649305555555556 0.6173847711825692 0.018055555555555554 0.016876762076524995
0 0.3392361111111111 0.9245248526946891 0.02013888888888889 0.014817670521252543
0 0.36180555555555555 0.9444011223212547 0.013194444444444444 0.018209086816606008
0 0.18472222222222223 0.9645172290119608 0.007638888888888889 0.008422219852888841
0 0.15555555555555556 0.9523566139048092 0.010416666666666666 0.01401009777919171
0 0.07013888888888889 0.37591997124973786 0.03680555555555556 0.024039382523514834