0 0.9895833333333334 0.001388888888888889 0.020833333333333332 0.002777777777777778
0 0.8322916666666667 0.06041666666666667 0.2604166666666667 0.12083333333333333
0 0.7256944444444444 0.19791666666666666 0.015625 0.026041666666666668
0 0.9847222222222223 0.15659722222222222 0.030208333333333334 0.10347222222222222
0 0.996875 0.2815972222222222 0.00625 0.03333333333333333
0 0.9145833333333333 0.5864583333333333 0.022916666666666665 0.026041666666666668
0 0.8760416666666667 0.7118055555555556 0.020833333333333332 0.026041666666666668
0 0.7152777777777778 0.37256944444444445 0.059375 0.049652777777777775
0 0.2791666666666667 0.13229166666666667 0.020833333333333332 0.026041666666666668
0 0.20729166666666668 0.5100694444444445 0.058333333333333334 0.06840277777777778
0 0.19722222222222222 0.09236111111111112 0.31354166666666666 0.18472222222222223
0 0.678125 0.5086805555555556 0.009375 0.010763888888888889