0 0.9746527777777778 0.1011564750969971 0.025 0.05570100130082945
0 0.8489583333333334 0.15875853954437008 0.02013888888888889 0.018172720183692842
0 0.8211805555555556 0.3037358220496213 0.01875 0.013303528753399815
0 0.7753472222222222 0.470483060405508 0.01597222222222222 0.014676257003924952
0 0.5368055555555555 0.2802063766971309 0.014583333333333334 0.011890398906965376
0 0.6795138888888889 0.13936996282640265 0.014583333333333334 0.014668176684743075
0 0.40520833333333334 0.48951021089909197 0.19652777777777777 0.3560044762753475
0 0.21597222222222223 0.509589822966116 0.049305555555555554 0.14473129577540125
0 0.12222222222222222 0.24654440142133902 0.022916666666666665 0.01749443637761219
0 0.20798611111111112 0.121696138908598 0.08125 0.050472698672140125
0 0.33055555555555555 0.07102033818751023 0.020833333333333332 0.016093427009950447
0 0.6090277777777777 0.4025015532945888 0.00625 0.00559191699187396