0 0.6680555555555555 0.9336805555555555 0.015625 0.02326388888888889
0 0.5885416666666666 0.8434027777777777 0.05520833333333333 0.04756944444444444
0 0.5163194444444444 0.7694444444444445 0.010763888888888889 0.013541666666666667
0 0.4982638888888889 0.7013888888888888 0.013888888888888888 0.014930555555555556
0 0.6791666666666667 0.6829861111111111 0.013541666666666667 0.014930555555555556
0 0.7475694444444444 0.41909722222222223 0.012847222222222222 0.01840277777777778
0 0.9003472222222222 0.5055555555555555 0.02673611111111111 0.03611111111111111
0 0.6034722222222222 0.16770833333333332 0.03263888888888889 0.12256944444444444
0 0.86875 0.89375 0.00798611111111111 0.013888888888888888
0 0.34479166666666666 0.2635416666666667 0.014583333333333334 0.021180555555555557
0 0.5239583333333333 0.33958333333333335 0.0125 0.015277777777777777