0 0.7625 0.23923611111111112 0.03263888888888889 0.060069444444444446
0 0.6986111111111111 0.4322916666666667 0.2954861111111111 0.5329861111111112
0 0.9524305555555556 0.271875 0.027430555555555555 0.03819444444444445
0 0.9076388888888889 0.6340277777777777 0.036458333333333336 0.060069444444444446
0 0.70625 0.7913194444444445 0.01423611111111111 0.03263888888888889
0 0.7423611111111111 0.8159722222222222 0.015625 0.02013888888888889
0 0.9659722222222222 0.7350694444444444 0.034027777777777775 0.036458333333333336
0 0.9715277777777778 0.9597222222222223 0.052083333333333336 0.05625
0 0.47604166666666664 0.8614583333333333 0.3267361111111111 0.14722222222222223
0 0.5013888888888889 0.45590277777777777 0.034027777777777775 0.11458333333333333
0 0.315625 0.25381944444444443 0.4128472222222222 0.09652777777777778