0 0.12743055555555555 0.9194444444444444 0.07604166666666666 0.027083333333333334
0 0.24270833333333333 0.8576388888888888 0.07256944444444445 0.09375
0 0.21944444444444444 0.3548611111111111 0.29375 0.12708333333333333
0 0.6180555555555556 0.25416666666666665 0.010416666666666666 0.015277777777777777
0 0.5625 0.7666666666666667 0.016319444444444445 0.013888888888888888
0 0.4701388888888889 0.678125 0.007291666666666667 0.008680555555555556
0 0.29097222222222224 0.5409722222222222 0.02048611111111111 0.021527777777777778
0 0.22777777777777777 0.5892361111111111 0.008333333333333333 0.010416666666666666
0 0.17222222222222222 0.8190972222222223 0.005208333333333333 0.008680555555555556
0 0.049305555555555554 0.10486111111111111 0.00798611111111111 0.011111111111111112
0 0.8159722222222222 0.6506944444444445 0.017708333333333333 0.013541666666666667
0 0.571875 0.6461805555555555 0.016666666666666666 0.015625
0 0.35520833333333335 0.928125 0.019097222222222224 0.012847222222222222
0 0.3763888888888889 0.9472222222222222 0.011805555555555555 0.016666666666666666
0 0.21006944444444445 0.9614583333333333 0.007291666666666667 0.007638888888888889
0 0.18263888888888888 0.9489583333333333 0.009722222222222222 0.013194444444444444
0 0.11215277777777778 0.40625 0.033680555555555554 0.021527777777777778