0 0.9370532674190092 0.6681366948653857 0.02649797319784442 0.01890352606445573
0 0.8337105618062959 0.5867962542797871 0.05592321007833113 0.06351765721171981
0 0.749077454597673 0.5122911738296774 0.016044945094859032 0.012592923670591618
0 0.6734739137440248 0.49710655122508995 0.01745403478170273 0.016073226211995795
0 0.6622429234171847 0.6968179113169364 0.01745403478170273 0.016073226211995795
0 0.37561063171884224 0.7880657904017375 0.020918176684743155 0.014704538121061558
0 0.4788298809614332 0.9503069886853185 0.041848473848259 0.03149240957545645
0 0.0924171468965938 0.6463154378966547 0.13636160100574948 0.04384742683537992
0 0.9031195073812237 0.8908960268106044 0.016028784456495436 0.009815145892813841
0 0.18437563106420315 0.35690132826094345 0.02440655954532913 0.017502516696794146
0 0.2770085269373079 0.5483697956050553 0.017445954462520855 0.014684337323106906