0 0.5805555555555556 0.8225694444444445 0.058333333333333334 0.10798611111111112
0 0.5381944444444444 0.8295138888888889 0.01423611111111111 0.02847222222222222
0 0.30833333333333335 0.8482638888888889 0.1076388888888889 0.043402777777777776
0 0.12013888888888889 0.8611111111111112 0.016319444444444445 0.029166666666666667
0 0.12916666666666668 0.8399305555555555 0.01597222222222222 0.018055555555555554
0 0.24305555555555555 0.3506944444444444 0.1951388888888889 0.2701388888888889
0 0.128125 0.47638888888888886 0.050694444444444445 0.30277777777777776
0 0.001736111111111111 0.8059027777777777 0.003472222222222222 0.38784722222222223
0 0.47847222222222224 0.5392361111111111 0.011805555555555555 0.016666666666666666
0 0.17152777777777778 0.8909722222222223 0.010069444444444445 0.014583333333333334
0 0.11493055555555555 0.078125 0.007638888888888889 0.025694444444444443
0 0.7972222222222223 0.6652777777777777 0.06076388888888889 0.020833333333333332