0 0.8151144462605363 0.5734729465618102 0.02509292367059162 0.016117667967496155
0 0.6420871382103163 0.6728101288862972 0.02233938685035955 0.020268173995798913
0 0.21779589127233476 0.1953577520145959 0.13142372686241047 0.030624701273799026
0 0.13649515777484925 0.12648429564447344 0.03554191161398587 0.021733825916915785
0 0.07535149388441188 0.06085300390248831 0.04388736542609202 0.023865641165340415
0 0.22043203196183084 0.11134815495497734 0.017462115100884686 0.017462115100884645
0 0.14096841356523002 0.059845910094943375 0.012556562234273174 0.00979494509485915
0 0.9418146589405265 0.6874006799720105 0.021628781767551192 0.017486356058430234
0 0.5579522962033786 0.6539184917980155 0.01606514589281384 0.01606514589281384
0 0.9034623533258436 0.06324033865913016 0.011171713504975225 0.010481309220121717
0 0.7695178618248775 0.19613710325404313 0.027220698759425153 0.02376867733515782
0 0.6523307090787757 0.2850356295367119 0.008373734929242795 0.006992926359535703