0 0.5800615711684284 0.6690972222222222 0.019597975705494895 0.013194444444444444
0 0.4714240944727496 0.3371527777777778 0.43921259912298943 0.0875
0 0.9832859709138003 0.36215277777777777 0.026801972169170716 0.15486111111111112
0 0.9811242642867277 0.07048611111111111 0.03737976416294878 0.10902777777777778
0 0.19375379703303047 0.029513888888888888 0.3583257392672724 0.059027777777777776
0 0.28028734123703475 0.709375 0.023126762076525153 0.018055555555555554
0 0.2361745395360413 0.14375 0.02029242014993934 0.013194444444444444
0 0.3647750781880016 0.2520833333333333 0.027882825482706944 0.009027777777777777
0 0.4516469813282427 0.0375 0.018919692446424267 0.014583333333333334
0 0.8348351072565254 0.02013888888888889 0.024507570372727137 0.017361111111111112
0 0.6533920509053157 0.42465277777777777 0.019597975705494895 0.013194444444444444