0 0.07969824259906717 0.6877540670490319 0.02093433732310687 0.017482315898839338
0 0.05069970556062202 0.8361916828003312 0.016061105733222922 0.015370701448369396
0 0.16316986736888742 0.9497773282173008 0.015386862086733188 0.018838883511000718
0 0.35568987027604454 0.7969160326601126 0.009786864775677234 0.011167673345384325
0 0.4024797954220361 0.7223357462523731 0.011167673345384325 0.009786864775677234
0 0.402113298412254 0.957762513318017 0.009774744296904538 0.009084340012050992
0 0.3792166010409433 0.9016438185047225 0.008402016046379244 0.011854037470646972
0 0.4714464069653488 0.8785370328346829 0.008373734929242637 0.006992926359535861
0 0.48603984069765954 0.8801883005943842 0.013263127157490513 0.011882318587783578
0 0.7974299543231442 0.9860192180663271 0.012552522074682 0.009100500650414586
0 0.9050648030524422 0.9846985488852867 0.011147472547429515 0.0063146425534550115
0 0.9682451069383183 0.9819003388069555 0.010469188741348666 0.00908838017164189
0 0.855421199663247 0.7478265621990794 0.012564642553455012 0.01118383398374792
0 0.8029778291211225 0.566875534008809 0.013953531442343901 0.011191914302930032
0 0.7810377235624699 0.43644320332077713 0.015366661288778498 0.015366661288778498
0 0.5406654650395025 0.5409701386988337 0.010473228900939881 0.009782824616086335
0 0.6321676426759342 0.8105858269206957 0.013981812559480507 0.016053025414041144
0 0.6191266608523525 0.29988052034587553 0.029986356058430235 0.02170150464018832
0 0.7917115714273646 0.12248159155925127 0.013961611761525697 0.012580803191818844
0 0.41755821636426543 0.3298736311514884 0.014696457801879762 0.019529287795854187
0 0.4622641136691274 0.07613273831646854 0.011171713504975225 0.010481309220121717
0 0.46231438416141546 0.025089051570006404 0.008389895567606546 0.00977070413731352
0 0.5318275113189058 0.036490591166467835 0.009786864775677234 0.011167673345384285
0 0.4000181807181592 0.0011085290807194054 0.01043282730503042 0.0022170581614388107
0 0.3094762354923723 0.0752854623153645 0.013279287795854265 0.01466009636556122
0 0.28563304670738077 0.09521651448791862 0.011874238268601544 0.011874238268601544
0 0.18807999440389878 0.15828617699024133 0.019573729551354547 0.02233534669076857
0 0.13211032249027177 0.08742883420196108 0.018871204787728225 0.020942417642288744
0 0.9071709248841359 0.09613247320206868 0.11017518310160503 0.19226494640413735
0 0.01317679017507568 0.6534176800677445 0.009064139214096247 0.0063025220746823155