0 0.9457885554598214 0.949844285796743 0.0783918820356007 0.10031142840651405
0 0.5237492344885923 0.7429525949295795 0.22162970777794616 0.2575307305903285
0 0.11282165569267727 0.1753032434719193 0.19797773206572822 0.13100851643493844
0 0.05008421228720662 0.37284821545621943 0.02720049796147062 0.02029645511293552
0 0.2556143693722229 0.07127642531633757 0.030684840662465657 0.022399989244223623
0 0.25839797588678837 0.01261405047894124 0.02790706288468788 0.02238382860585987
0 0.4500767630322279 0.015812467859374346 0.05848685939778907 0.02672826229452795
0 0.9358359806973227 0.3759181056811316 0.014635855408015333 0.0091126211291876
0 0.4448007364398364 0.7799920167362122 0.016048985254450088 0.013287368115036063
0 0.14933857134007925 0.1855847962948882 0.013255046838308557 0.010493429698894533
0 0.6698410745921529 0.25111087582850317 0.012544441755500202 0.0077116117615258556
0 0.66558350433469 0.23546163487095748 0.010469188741348981 0.00908838017164189