0 0.10625 0.06770833333333333 0.13819444444444445 0.07256944444444445
0 0.3017361111111111 0.47708333333333336 0.23194444444444445 0.19583333333333333
0 0.8145833333333333 0.8996527777777777 0.11388888888888889 0.20069444444444445
0 0.6243055555555556 0.9392361111111112 0.017361111111111112 0.025347222222222222
0 0.9194444444444444 0.7590277777777777 0.02013888888888889 0.027083333333333334
0 0.9760416666666667 0.7586805555555556 0.021875 0.024305555555555556
0 0.9857638888888889 0.5784722222222223 0.02847222222222222 0.05381944444444445
0 0.6701388888888888 0.10520833333333333 0.007638888888888889 0.013541666666666667
0 0.08506944444444445 0.018055555555555554 0.0125 0.014930555555555556
0 0.2621527777777778 0.5496527777777778 0.011458333333333333 0.01423611111111111
0 0.80625 0.8538194444444445 0.009375 0.012152777777777778
0 0.7729166666666667 0.3614583333333333 0.006597222222222222 0.012152777777777778
0 0.7875 0.365625 0.007291666666666667 0.009027777777777777