0 0.404977939621237 0.977323091764791 0.05928230783200708 0.04409341356522987
0 0.39496770855506436 0.6293599632628287 0.017510597015975942 0.025795448434218018
0 0.9844625579390014 0.4078041993141061 0.031074884121997253 0.02797170543814297
0 0.8335012314589563 0.09338783809600067 0.03214645242399128 0.03490806956340554
0 0.9782213962095725 0.9174658191424641 0.013259086997899456 0.011187874143339134
0 0.14371711110266236 0.890389345171726 0.01325100667871762 0.009798985254450245
0 0.17751211669876357 0.7312163531512732 0.016048985254450126 0.013287368115036063
0 0.08204107215661564 0.9719721953327813 0.01465605620597028 0.012584843351409821
0 0.391633777769329 0.891831682145692 0.027188377482697805 0.018213121779602184
0 0.47982030995359726 0.413541498607661 0.013255046838308557 0.010493429698894533
0 0.5669032475053355 0.10364197236863479 0.009770704137313482 0.008389895567606508
0 0.6421350936766171 0.024568460875158484 0.020211611761525857 0.012617164628137298
0 0.6787421137916064 0.8858633992476574 0.011854037470646814 0.008402016046379244