0 0.6580948593020551 0.9660193942818022 0.01887928510691002 0.022440398224767302
0 0.9412623145895611 0.8745240277247736 0.020235852719071405 0.016901003854585876
0 0.7754628932193545 0.6674113504137826 0.012560602393864112 0.01056211733503021
0 0.694957608156087 0.6173029922024488 0.01118383398374792 0.012629289482989886
0 0.9498308397459709 0.6164207480197029 0.009786864775677234 0.011224239408727183
0 0.8885139119983206 0.6414414360280459 0.012556562234273214 0.009867672890585924
0 0.8636285935414649 0.5420714789943084 0.007691410963571204 0.009116664297333285
0 0.8656190032042067 0.5260750149940255 0.012580803191818606 0.014034339557252433
0 0.9943852310661725 0.3363694997171375 0.01049342969889469 0.013315653334747424
0 0.9834592727884487 0.1892644460888748 0.016747469858485273 0.01408282311337364
0 0.9813896170084863 0.07226671838535965 0.009794945094859031 0.012613128297616112
0 0.9750969638301825 0.0054668171193363625 0.009786864775677234 0.010933634238672725
0 0.7230201537414331 0.12874896138343886 0.012580803191818922 0.014034339557252433
0 0.5275100331753751 0.18658324407669014 0.012584843351409821 0.014728784001696877
0 0.3866691161398584 0.21079304883656805 0.016763630496849185 0.016860600891151416
0 0.49963846916020377 0.4692183359325485 0.009786864775677234 0.011224239408727183
0 0.7900470891194898 0.3689575675967524 0.01675555017766707 0.015471712002262607
0 0.2390700650062781 0.3864806290048904 0.023800998611885324 0.032913629040242316
0 0.04804866636116842 0.20119067110474778 0.013977772399889609 0.015439389631515057
0 0.27158665503803814 0.6038253356673148 0.02092625700392495 0.01621464000282818
0 0.018240140768332573 0.7477550548129295 0.012572722872636942 0.012645450668363386
0 0.08621333605747128 0.8521795706556369 0.02443080050287472 0.021810598521818117
0 0.016779223514602908 0.9144500035540001 0.008446457801879687 0.019541411556686702
0 0.061553508586319174 0.07533057451022261 0.12289692887390939 0.11739440653511034