0 0.03905420259568003 0.5231792770400778 0.01902474015135339 0.02372019542006648
0 0.10398475815123559 0.5235570319618308 0.02385352889171703 0.02097069875942531
0 0.29039533771838655 0.4392190879059455 0.008470703409010048 0.011854037470646814
0 0.46370342660374025 0.4662707944703475 0.01407474252068681 0.016053025414041144
0 0.17036714449398435 0.7274292299835562 0.13410098963858544 0.066747932863683
0 0.5857259714619437 0.693037669783588 0.028779284744323123 0.026554535432117474
0 0.1339336346453141 0.15808151786669566 0.00704141155668682 0.008373734929242715
0 0.4766303336162431 0.10139074090967866 0.01760352889171707 0.020934337323106827
0 0.7107272829584851 0.03712323453223491 0.01768433481858567 0.027878781767551312
0 0.8230598327852371 0.7683817778566142 0.009189389631514978 0.013941410963570888
0 0.06396516799278822 0.05350073484195753 0.016828278520403948 0.013985852719071485