0 0.02048611111111111 0.17569444444444443 0.04097222222222222 0.35138888888888886
0 0.18958333333333333 0.33229166666666665 0.08263888888888889 0.06840277777777778
0 0.6024305555555556 0.7607638888888889 0.060069444444444446 0.03263888888888889
0 0.5534722222222223 0.16805555555555557 0.019097222222222224 0.05
0 0.8284722222222223 0.23194444444444445 0.07673611111111112 0.109375
0 0.8423611111111111 0.14895833333333333 0.017708333333333333 0.021180555555555557
0 0.12430555555555556 0.33784722222222224 0.012847222222222222 0.014583333333333334
0 0.253125 0.48715277777777777 0.013888888888888888 0.019097222222222224
0 0.26666666666666666 0.37222222222222223 0.008333333333333333 0.013888888888888888
0 0.18784722222222222 0.1996527777777778 0.020833333333333332 0.03576388888888889
0 0.5246527777777777 0.3871527777777778 0.03611111111111111 0.03159722222222222
0 0.41215277777777776 0.14201388888888888 0.019791666666666666 0.03923611111111111
0 0.8121527777777777 0.16909722222222223 0.007291666666666667 0.010416666666666666