0 0.10780811258651098 0.09090804267396461 0.07795554479977922 0.031008053429740952
0 0.22656394132329866 0.15028148559936658 0.07765299583565606 0.09836512438126116
0 0.2183800304512371 0.6617095177357678 0.3035898498555569 0.1413448429149838
0 0.6258550613740942 0.751930333717668 0.01120403478170273 0.016036864775677232
0 0.5545654849531763 0.2330952588636596 0.01744595446252093 0.014684337323106906
0 0.4630518813457679 0.3256215535128018 0.007691410963571204 0.009072219533278138
0 0.28512213457813235 0.47007742392822294 0.021661103044278856 0.02304191161398579
0 0.2201130274131522 0.42351709337111887 0.00909242033123279 0.011163633185793427
0 0.156531885160971 0.19119489400492143 0.005608077630237792 0.009060099054505284
0 0.05263289965311401 0.9204762422147326 0.009092420331232828 0.011163633185793111
0 0.8150443110883051 0.343294914425409 0.018834843351409822 0.014692417642288704
0 0.5673960835318372 0.3553962641979051 0.01745403478170273 0.016073226211995795
0 0.3391591165762845 0.07489230470663691 0.019525247636263288 0.014002013357435238
0 0.36010961453775514 0.05487462060547627 0.013295448434218019 0.017437874143338996
0 0.190713652008402 0.04555548833195328 0.007687370803980147 0.008377775088833693
0 0.16320431334082308 0.05893756869477777 0.010493429698894533 0.013255046838308557
0 0.10789895273371412 0.6124540011699016 0.03555403209275865 0.023817159250249156