0 0.16430090393594235 0.9690972222222223 0.3286018078718847 0.050694444444444445
0 0.315707318410106 0.7986111111111112 0.07605047704929235 0.09027777777777778
0 0.7897175409859418 0.3763888888888889 0.03756513126812074 0.06527777777777778
0 0.15950492409295203 0.4065972222222222 0.053738881780888745 0.022916666666666665
0 0.2406482687248088 0.11736111111111111 0.11975199349317114 0.08611111111111111
0 0.15370154606054606 0.09965277777777778 0.02314292326189889 0.019444444444444445
0 0.3183755216599852 0.8677083333333333 0.01614191466864633 0.014583333333333334
0 0.4823987133814591 0.7368055555555556 0.021705550816888793 0.015277777777777777
0 0.3617795157543277 0.7184027777777777 0.015382825482706943 0.009027777777777777
0 0.17511868107719689 0.7954861111111111 0.03846918459579787 0.02361111111111111
0 0.3899592289766089 0.44513888888888886 0.03519089659806032 0.04027777777777778
0 0.12478956614685197 0.5552083333333333 0.04261969007709081 0.022222222222222223
0 0.1734566067968089 0.1326388888888889 0.011208078223353487 0.008333333333333333