0 0.07743055555555556 0.44548611111111114 0.07847222222222222 0.034375
0 0.19756944444444444 0.38333333333333336 0.06840277777777778 0.08784722222222222
0 0.6840277777777778 0.9743055555555555 0.024652777777777777 0.036458333333333336
0 0.5135416666666667 0.28506944444444443 0.017361111111111112 0.013888888888888888
0 0.3076388888888889 0.44930555555555557 0.016319444444444445 0.011458333333333333
0 0.32916666666666666 0.46875 0.015277777777777777 0.019097222222222224
0 0.259375 0.6215277777777778 0.006944444444444444 0.010763888888888889
0 0.41805555555555557 0.7222222222222222 0.009027777777777777 0.011458333333333333
0 0.18715277777777778 0.6336805555555556 0.005555555555555556 0.006944444444444444
0 0.5177083333333333 0.5552083333333333 0.06527777777777778 0.03159722222222222
0 0.47604166666666664 0.9260416666666667 0.01423611111111111 0.012847222222222222
0 0.4965277777777778 0.9663194444444444 0.012152777777777778 0.017013888888888887