0 0.9056380427091584 0.9716506030836971 0.04480401864803822 0.056698793832605864
0 0.7189476317019448 0.9909170490035414 0.032073729551354464 0.018165901992917257
0 0.2491305665647388 0.6875372874467134 0.2937226448932583 0.23572868496556415
0 0.7769736179601747 0.3437449292146015 0.027935344001824406 0.02724493971697102
0 0.7413100385532633 0.18173736567949889 0.039046455112935516 0.02730958227042603
0 0.7351437878352723 0.43481792392399854 0.03132272287263681 0.012681807181592338
0 0.7935081168733341 0.6195262370902512 0.02855302541404083 0.014054535432117474
0 0.040385136953129466 0.6154919062360976 0.01393333064438925 0.007719692080707811
0 0.0584181766847431 0.014922706738972395 0.008369694769651817 0.006298481915091293
0 0.7991444121771154 0.09631285019624905 0.006274240957545392 0.00420302810298515
0 0.7916045071982045 0.1132822973296376 0.006282321276727506 0.005591916991874039