0 0.11736111111111111 0.8479166666666667 0.234375 0.09444444444444444
0 0.17395833333333333 0.7423611111111111 0.009027777777777777 0.009375
0 0.5756944444444444 0.7430555555555556 0.007291666666666667 0.009027777777777777
0 0.6027777777777777 0.6020833333333333 0.007638888888888889 0.011111111111111112
0 0.546875 0.5059027777777778 0.007291666666666667 0.010763888888888889
0 0.35208333333333336 0.4 0.007291666666666667 0.008333333333333333
0 0.121875 0.44375 0.00798611111111111 0.010069444444444445
0 0.08854166666666667 0.5072916666666667 0.005902777777777778 0.007638888888888889
0 0.09513888888888888 0.6270833333333333 0.006597222222222222 0.010763888888888889
0 0.051041666666666666 0.38958333333333334 0.005208333333333333 0.00798611111111111
0 0.015625 0.3545138888888889 0.005555555555555556 0.009027777777777777
0 0.11875 0.3055555555555556 0.007291666666666667 0.009375
0 0.1371527777777778 0.2829861111111111 0.005555555555555556 0.008680555555555556
0 0.024305555555555556 0.3440972222222222 0.011805555555555555 0.009722222222222222
0 0.07465277777777778 0.4427083333333333 0.00625 0.013194444444444444
0 0.8357638888888889 0.004861111111111111 0.009027777777777777 0.009375
0 0.8048611111111111 0.05590277777777778 0.009027777777777777 0.009027777777777777
0 0.9079861111111112 0.15486111111111112 0.013194444444444444 0.014930555555555556
0 0.7739583333333333 0.33194444444444443 0.008680555555555556 0.013888888888888888
0 0.709375 0.3767361111111111 0.009722222222222222 0.011458333333333333
0 0.8548611111111111 0.45034722222222223 0.013194444444444444 0.012847222222222222
0 0.9204861111111111 0.3701388888888889 0.007638888888888889 0.009722222222222222
0 0.94375 0.33125 0.008333333333333333 0.009722222222222222
0 0.8506944444444444 0.4361111111111111 0.008333333333333333 0.009027777777777777
0 0.9666666666666667 0.60625 0.011805555555555555 0.013541666666666667
0 0.9590277777777778 0.8288194444444444 0.011111111111111112 0.012152777777777778
0 0.9552083333333333 0.8833333333333333 0.009722222222222222 0.012847222222222222
0 0.740625 0.7875 0.00798611111111111 0.013541666666666667
0 0.7329861111111111 0.7059027777777778 0.011111111111111112 0.01597222222222222
0 0.4565972222222222 0.7267361111111111 0.008680555555555556 0.01423611111111111
0 0.32708333333333334 0.5802083333333333 0.011111111111111112 0.022916666666666665
0 0.018055555555555554 0.5277777777777778 0.005902777777777778 0.009722222222222222
0 0.125 0.1440972222222222 0.006944444444444444 0.009027777777777777
0 0.19166666666666668 0.19340277777777778 0.015277777777777777 0.011458333333333333
0 0.12430555555555556 0.06076388888888889 0.004861111111111111 0.00798611111111111
0 0.16319444444444445 0.04027777777777778 0.005208333333333333 0.007291666666666667
0 0.371875 0.10729166666666666 0.006944444444444444 0.021180555555555557
0 0.4892361111111111 0.13333333333333333 0.005208333333333333 0.007638888888888889
0 0.00034722222222222224 0.9496527777777778 0.0006944444444444445 0.011805555555555555
0 0.4201388888888889 0.3236111111111111 0.009375 0.010416666666666666
0 0.4642361111111111 0.44340277777777776 0.008680555555555556 0.008680555555555556
0 0.66875 0.08611111111111111 0.012152777777777778 0.013888888888888888
0 0.6729166666666667 0.0006944444444444445 0.027083333333333334 0.001388888888888889
0 0.8697916666666666 0.35138888888888886 0.014583333333333334 0.014930555555555556
0 0.51875 0.03576388888888889 0.006944444444444444 0.009722222222222222
0 0.9586805555555555 0.7295138888888889 0.009722222222222222 0.015625
0 0.7934027777777778 0.58125 0.011111111111111112 0.010763888888888889