0 0.159375 0.9005799944038987 0.01875 0.01955352875339966
0 0.121875 0.7232784924526546 0.01597222222222222 0.021620701448369396
0 0.33645833333333336 0.880082457321811 0.02013888888888889 0.018867164628137326
0 0.4690972222222222 0.8190485722481253 0.014583333333333334 0.0216126211291876
0 0.027083333333333334 0.8359214551129355 0.05416666666666667 0.18434291022587104
0 0.07152777777777777 0.4226383586600892 0.01597222222222222 0.019537368115036063
0 0.05798611111111111 0.25728179777028803 0.04791666666666667 0.08777877101177493
0 0.011805555555555555 0.2608325716019349 0.008333333333333333 0.02088181524842459
0 0.23402777777777778 0.19059764489325828 0.017361111111111112 0.02023989287866246
0 0.4934027777777778 0.2632872000560304 0.13541666666666666 0.06676005334245569
0 0.46111111111111114 0.4742104437461628 0.3236111111111111 0.17410493659160092
0 0.27326388888888886 0.5918675805768132 0.014583333333333334 0.023001510018076488
0 0.39340277777777777 0.658191528186046 0.005555555555555556 0.008365654610060839