0 0.5513888888888889 0.4275134422707629 0.02847222222222222 0.021693424321006363
0 0.7482638888888888 0.3672004941814614 0.024305555555555556 0.01611362780790526
0 0.8861111111111111 0.35480802141581874 0.04722222222222222 0.07874695307440625
0 0.7430555555555556 0.13348963742897374 0.022916666666666665 0.02027221415538997
0 0.6545138888888888 0.31561340597001764 0.02013888888888889 0.01331160907258177
0 0.6996527777777778 0.5422649052323177 0.010416666666666666 0.009782824616086335
0 0.6194444444444445 0.6546454890217862 0.0125 0.011878278428192522
0 0.5899305555555555 0.8062098933502824 0.013194444444444444 0.014660096365561356
0 0.2142361111111111 0.5776352781226942 0.03819444444444445 0.02661109766639069
0 0.2 0.5119274548510799 0.03194444444444444 0.02865806956340546
0 0.3548611111111111 0.48921729932874874 0.11388888888888889 0.08677369728402545
0 0.27291666666666664 0.1873516716081288 0.21805555555555556 0.06168527677822221
0 0.38229166666666664 0.91264077452148 0.02361111111111111 0.03624847653720293
0 0.5496527777777778 0.4868783418717855 0.02361111111111111 0.02583180987053642
0 0.915625 0.8386602837539894 0.02013888888888889 0.016089386850359547
0 0.8177083333333334 0.28114617680722215 0.013888888888888888 0.009108580969596622
0 0.3079861111111111 0.10318069966747132 0.011111111111111112 0.010481309220121757
0 0.3972222222222222 0.19085263795268506 0.0125 0.021600500650414745
0 0.971875 0.46815420334752217 0.011805555555555555 0.013263127157490355
0 0.9819444444444444 0.48071278566159087 0.007638888888888889 0.01254444175550036
0 0.8763888888888889 0.5287097925148789 0.010416666666666666 0.007699491282753002
0 0.15347222222222223 0.26339287526959804 0.015277777777777777 0.009116661288778498
0 0.15833333333333333 0.2790461563867346 0.011805555555555555 0.0111797938241571
0 0.6697916666666667 0.20563284503657392 0.013888888888888888 0.009108580969596622
0 0.6770833333333334 0.5754669333789454 0.014583333333333334 0.011890398906965376