0 0.175 0.7333333333333333 0.01840277777777778 0.020833333333333332
0 0.3819444444444444 0.7305555555555555 0.022569444444444444 0.03611111111111111
0 0.4222222222222222 0.7708333333333334 0.03611111111111111 0.15520833333333334
0 0.59375 0.6795138888888889 0.01840277777777778 0.021875
0 0.6888888888888889 0.6611111111111111 0.06805555555555555 0.11805555555555555
0 0.6336805555555556 0.3663194444444444 0.30069444444444443 0.1579861111111111
0 0.001388888888888889 0.5604166666666667 0.002777777777777778 0.006944444444444444
0 0.8447916666666667 0.5534722222222223 0.0642361111111111 0.022222222222222223
0 0.7416666666666667 0.7152777777777778 0.007638888888888889 0.010069444444444445
0 0.8045138888888889 0.9159722222222222 0.019791666666666666 0.011458333333333333
0 0.21631944444444445 0.7850694444444445 0.007638888888888889 0.011805555555555555