0 0.99375 0.4423611111111111 0.0125 0.029166666666666667
0 0.9638888888888889 0.27569444444444446 0.011805555555555555 0.008680555555555556
0 0.553125 0.00798611111111111 0.017013888888888887 0.013541666666666667
0 0.8194444444444444 0.32083333333333336 0.06319444444444444 0.09131944444444444
0 0.5465277777777777 0.31319444444444444 0.023958333333333335 0.02673611111111111
0 0.7802083333333333 0.7586805555555556 0.012847222222222222 0.01423611111111111
0 0.8677083333333333 0.7354166666666667 0.014930555555555556 0.019791666666666666
0 0.8305555555555556 0.7520833333333333 0.0125 0.011111111111111112
0 0.7618055555555555 0.8083333333333333 0.018055555555555554 0.016666666666666666
0 0.7340277777777777 0.8472222222222222 0.015277777777777777 0.01840277777777778
0 0.7145833333333333 0.8170138888888889 0.009375 0.011458333333333333
0 0.7711805555555555 0.8416666666666667 0.0125 0.012847222222222222
0 0.8527777777777777 0.9079861111111112 0.010069444444444445 0.010763888888888889
0 0.8305555555555556 0.9659722222222222 0.03611111111111111 0.06805555555555555
0 0.9881944444444445 0.8479166666666667 0.02361111111111111 0.09583333333333334
0 0.06319444444444444 0.007638888888888889 0.12361111111111112 0.015277777777777777