0 0.8920138888888889 0.05484236277234177 0.041666666666666664 0.07524240957545647
0 0.7079861111111111 0.03571616492518679 0.03125 0.027959584959370135
0 0.2420138888888889 0.326407995617443 0.2847222222222222 0.22804535432117481
0 0.7579861111111111 0.6797570564157346 0.02638888888888889 0.025847970508900177
0 0.7208333333333333 0.8378742412109526 0.0375 0.02660705750679963
0 0.7177083333333333 0.58889772715946 0.03125 0.012681807181592338
0 0.7770833333333333 0.4086876052489299 0.027777777777777776 0.012661606383637686
0 0.03576388888888889 0.3911802904411557 0.013888888888888888 0.007719692080707811
0 0.14652777777777778 0.02064414034035526 0.011805555555555555 0.013957571601934888
0 0.046875 0.9825643774390553 0.008333333333333333 0.005604037470646972
0 0.7770833333333333 0.9232709385822632 0.00625 0.004203028102985071
0 0.7697916666666667 0.9065618502398917 0.00625 0.00559191699187396