0 0.9842068703717786 0.1482638888888889 0.030176243559204372 0.05416666666666667
0 0.8536874447499425 0.20173611111111112 0.01954544843421786 0.017361111111111112
0 0.8209147675893553 0.3440972222222222 0.018128278428192365 0.0125
0 0.7685744211167999 0.5076388888888889 0.015358580969596384 0.013888888888888888
0 0.5408902615174098 0.3125 0.013949491282753001 0.010416666666666666
0 0.6871601635891634 0.17777777777777778 0.01396969208070781 0.013888888888888888
0 0.40220851483705944 0.515625 0.18394836360155137 0.34444444444444444
0 0.21497089370787192 0.5302083333333333 0.045268637000996474 0.14166666666666666
0 0.13247231633526543 0.2673611111111111 0.022319186052404818 0.016666666666666666
0 0.22241343529499577 0.14618055555555556 0.07944139751885063 0.04722222222222222
0 0.34559877257446003 0.1 0.019529287795854187 0.014583333333333334
0 0.6885093453899391 0.005555555555555556 0.6229813092201216 0.011111111111111112
0 0.6068397998566843 0.4357638888888889 0.006282321276727506 0.005555555555555556