0 0.8225694444444445 0.4172855690354699 0.10972222222222222 0.060360567437590856
0 0.8295138888888889 0.4603815261869348 0.029166666666666667 0.014753020036152975
0 0.8489583333333334 0.6938279839888145 0.044444444444444446 0.10928634799159798
0 0.8618055555555556 0.8848749491634692 0.029166666666666667 0.016836353369486308
0 0.8402777777777778 0.8760691486605945 0.018055555555555554 0.016771710816031297
0 0.34305555555555556 0.7572041721712583 0.275 0.20021101430912375
0 0.4708333333333333 0.8749614504248803 0.3076388888888889 0.05387312403212011
0 0.5347222222222222 0.5194303673294691 0.016666666666666666 0.012596963830182517
0 0.8920138888888889 0.8329673627723417 0.015277777777777777 0.009811105733222625
0 0.06597222222222222 0.8858004818278061 0.02638888888888889 0.007792414953344936
0 0.6628472222222223 0.1962174434406645 0.020833333333333332 0.06192676034328378