0 0.007638888888888889 0.005555555555555556 0.015277777777777777 0.010763888888888889
0 0.04097222222222222 0.14583333333333334 0.08194444444444444 0.12604166666666666
0 0.0954861111111111 0.5722222222222222 0.011805555555555555 0.02013888888888889
0 0.15381944444444445 0.27569444444444446 0.0125 0.016666666666666666
0 0.029166666666666667 0.7302083333333333 0.011111111111111112 0.018055555555555554
0 0.0763888888888889 0.7319444444444444 0.044444444444444446 0.08611111111111111
0 0.24930555555555556 0.803125 0.015277777777777777 0.017361111111111112
0 0.5006944444444444 0.7354166666666667 0.13194444444444445 0.05694444444444444
0 0.2986111111111111 0.409375 0.02013888888888889 0.020833333333333332
0 0.41875 0.3489583333333333 0.005555555555555556 0.008680555555555556
0 0.49618055555555557 0.1909722222222222 0.008333333333333333 0.013541666666666667
0 0.36875 0.11875 0.013194444444444444 0.018055555555555554
0 0.19444444444444445 0.10208333333333333 0.015277777777777777 0.016319444444444445
0 0.10486111111111111 0.7902777777777777 0.005208333333333333 0.007291666666666667