0 0.2204861111111111 0.4204861111111111 0.4409722222222222 0.22083333333333333
0 0.42291666666666666 0.10381944444444445 0.05381944444444445 0.13090277777777778
0 0.9131944444444444 0.8652777777777778 0.1736111111111111 0.15868055555555555
0 0.8614583333333333 0.49375 0.07881944444444444 0.2013888888888889
0 0.5079861111111111 0.8888888888888888 0.29756944444444444 0.08298611111111111
0 0.7430555555555556 0.4510416666666667 0.012152777777777778 0.015625
0 0.4864583333333333 0.4913194444444444 0.0125 0.01423611111111111
0 0.5288194444444444 0.013194444444444444 0.0125 0.016319444444444445
0 0.34131944444444445 0.6510416666666666 0.01597222222222222 0.019097222222222224
0 0.6329861111111111 0.9892361111111111 0.010069444444444445 0.012847222222222222
0 0.7652777777777777 0.8232638888888889 0.00798611111111111 0.011458333333333333
0 0.3798611111111111 0.44548611111111114 0.00798611111111111 0.008333333333333333