0 0.6697916666666667 0.08402777777777778 0.015277777777777777 0.01875
0 0.8038194444444444 0.05451388888888889 0.013541666666666667 0.014583333333333334
0 0.9097222222222222 0.15416666666666667 0.017013888888888887 0.013541666666666667
0 0.7746527777777777 0.33194444444444443 0.010416666666666666 0.008680555555555556
0 0.7079861111111111 0.3763888888888889 0.009375 0.010416666666666666
0 0.921875 0.37083333333333335 0.00798611111111111 0.009027777777777777
0 0.8701388888888889 0.35138888888888886 0.010763888888888889 0.00798611111111111
0 0.8510416666666667 0.4354166666666667 0.00625 0.007638888888888889
0 0.853125 0.44895833333333335 0.010416666666666666 0.011805555555555555
0 0.9684027777777777 0.60625 0.012152777777777778 0.011111111111111112
0 0.9590277777777778 0.7298611111111111 0.013888888888888888 0.011805555555555555
0 0.959375 0.828125 0.00798611111111111 0.010069444444444445
0 0.9555555555555556 0.884375 0.00798611111111111 0.009375
0 0.740625 0.7868055555555555 0.010069444444444445 0.011458333333333333
0 0.5753472222222222 0.7430555555555556 0.010069444444444445 0.012152777777777778
0 0.45625 0.7260416666666667 0.013888888888888888 0.01423611111111111
0 0.5461805555555556 0.5055555555555555 0.008333333333333333 0.009375
0 0.7927083333333333 0.5829861111111111 0.01423611111111111 0.0125
0 0.32881944444444444 0.5819444444444445 0.019444444444444445 0.027083333333333334
0 0.17152777777777778 0.7423611111111111 0.011805555555555555 0.0125
0 0.35208333333333336 0.39826388888888886 0.017361111111111112 0.013194444444444444
0 0.12222222222222222 0.4440972222222222 0.009375 0.010416666666666666
0 0.07604166666666666 0.44513888888888886 0.008333333333333333 0.007638888888888889
0 0.08819444444444445 0.5079861111111111 0.009722222222222222 0.009027777777777777
0 0.0006944444444444445 0.4423611111111111 0.001388888888888889 0.029166666666666667
0 0.050347222222222224 0.3902777777777778 0.008333333333333333 0.009375
0 0.014930555555555556 0.353125 0.010416666666666666 0.009722222222222222
0 0.11840277777777777 0.3055555555555556 0.013194444444444444 0.011805555555555555
0 0.1361111111111111 0.2833333333333333 0.010763888888888889 0.010763888888888889
0 0.1909722222222222 0.19340277777777778 0.019791666666666666 0.017013888888888887
0 0.12604166666666666 0.1440972222222222 0.01875 0.016666666666666666
0 0.11805555555555555 0.8479166666666667 0.2361111111111111 0.09583333333333334
0 0.6368055555555555 0.024305555555555556 0.00625 0.00798611111111111