0 0.8635416666666667 0.11648227178466873 0.23819444444444443 0.11110799696191506
0 0.8152777777777778 0.22765981402643165 0.010416666666666666 0.01047726906053078
0 0.39861111111111114 0.2467634960496447 0.008333333333333333 0.010465148581757925
0 0.3784722222222222 0.3938685536437297 0.009027777777777777 0.01185807763023787
0 0.44131944444444443 0.49110918808670984 0.008333333333333333 0.011854037470646814
0 0.6493055555555556 0.5916247714397522 0.007638888888888889 0.009072219533278138
0 0.8850694444444445 0.5350102945097657 0.009027777777777777 0.011163633185793427
0 0.9166666666666666 0.4674857884378202 0.006944444444444444 0.008373734929242795
0 0.9027777777777778 0.34379387413489026 0.007638888888888889 0.011849997311055915
0 0.9618055555555556 0.5878872877001203 0.00625 0.008369694769651739
0 0.9986111111111111 0.6224764161584402 0.002777777777777778 0.009738382860585974
0 0.8961805555555555 0.6781304926187762 0.007638888888888889 0.010461108422167027
0 0.8784722222222222 0.702680246326985 0.00625 0.009064139214096182
0 0.9916666666666667 0.6335471256736418 0.013194444444444444 0.010493429698894533
0 0.934375 0.5339082569518336 0.006944444444444444 0.01392929048479835
0 0.19895833333333332 0.9702547279450269 0.009722222222222222 0.010473228900939881
0 0.08611111111111111 0.8723759797892768 0.014583333333333334 0.016057065573632043
0 0.215625 0.6825044695529873 0.009722222222222222 0.015334340012050992
0 0.28020833333333334 0.633227426617167 0.010416666666666666 0.012560602393864112
0 0.12534722222222222 0.5639236932506093 0.014583333333333334 0.01397373224029871
0 0.06180555555555556 0.6500123519813715 0.009027777777777777 0.010469188741348981
0 0.03993055555555555 0.6915517536209235 0.009027777777777777 0.010469188741348981
0 0.13055555555555556 0.5781901055586526 0.009027777777777777 0.010469188741348981
0 0.003472222222222222 0.40731186746462134 0.006944444444444444 0.014623734929242637
0 0.001388888888888889 0.11945252476362632 0.002777777777777778 0.013905049527252642
0 0.22534722222222223 0.2086026984539271 0.009027777777777777 0.014635855408015569
0 0.23819444444444443 0.2930524414063595 0.011805555555555555 0.0174297938241571
0 0.5232638888888889 0.25790537136288527 0.009722222222222222 0.016028784456495436
0 0.6652777777777777 0.4038704728881217 0.0125 0.024378278428192363
0 0.9881944444444445 0.44290192487568714 0.00625 0.009758583658540626
0 0.8982638888888889 0.84550372420866 0.007638888888888889 0.01046110842216687
0 0.8270833333333333 0.7982146078505887 0.016666666666666666 0.013291408274627277
0 0.9038194444444444 0.9323416010409433 0.00625 0.008369694769651739
0 0.8645833333333334 0.9553772209129441 0.00625 0.007675250325207293
0 0.6447916666666667 0.8961123992912999 0.008333333333333333 0.02227070413731364
0 0.5215277777777778 0.8745619376305747 0.00625 0.008369694769651739
0 0.5826388888888889 0.6738758050079108 0.010416666666666666 0.011866157949419668
0 0.5305555555555556 0.5520450152608124 0.009722222222222222 0.009778784456495436
0 0.33784722222222224 0.9321738709743262 0.013194444444444444 0.014660096365561356
0 0.11527777777777778 0.6669901109365407 0.01597222222222222 0.01606514589281384
0 0.49618055555555557 0.9768450273610609 0.007638888888888889 0.01046110842216687
0 0.0038194444444444443 0.27953610976663906 0.007638888888888889 0.01740555286661147
0 0.18159722222222222 0.4250148350663644 0.011805555555555555 0.011874238268601466