0 0.3271866252917123 0.7828718291295712 0.4321493784213713 0.37818318275246426
0 0.3873062561354685 0.9957309403279674 0.0903262613338989 0.004691887413489187
0 0.4573768513331683 0.5418203607901281 0.09614039585543424 0.026946430912438916
0 0.2077387751608866 0.3654828999065209 0.15898269990803782 0.4147858043180779
0 0.9845607055484616 0.9877243334727099 0.030878588903076813 0.013408572902764287
0 0.812837142619672 0.7404603840825789 0.023805045335595625 0.01680403209275849
0 0.8389234958094295 0.7739914537332696 0.0224242370393938 0.017490396218021134
0 0.9051708495296544 0.8367717818196426 0.1896583009406912 0.26573477881675145
0 0.6518971835348628 0.9351598215864502 0.02939292326189881 0.019614131147264086
0 0.6910888513861961 0.9311121081251176 0.054126750229858245 0.05656109228850267
0 0.7922049991335949 0.1610272983855089 0.00839797807482796 0.005604037470646853
0 0.8045332124973309 0.38492906948456906 0.007025250371313203 0.0069848460403537475