0 0.9940972222222222 0.2482638888888889 0.011805555555555555 0.02048611111111111
0 0.9871527777777778 0.5868055555555556 0.025694444444444443 0.12152777777777778
0 0.9083333333333333 0.5597222222222222 0.016666666666666666 0.029513888888888888
0 0.8791666666666667 0.7072916666666667 0.021180555555555557 0.022569444444444444
0 0.47638888888888886 0.7 0.058333333333333334 0.07118055555555555
0 0.7083333333333334 0.34305555555555556 0.05416666666666667 0.035069444444444445
0 0.734375 0.0875 0.022222222222222223 0.03263888888888889
0 0.7177083333333333 0.1684027777777778 0.013888888888888888 0.016666666666666666
0 0.43506944444444445 0.2875 0.46597222222222223 0.21319444444444444
0 0.33784722222222224 0.09583333333333334 0.034722222222222224 0.042708333333333334
0 0.16041666666666668 0.03958333333333333 0.01875 0.024305555555555556
0 0.6725694444444444 0.48333333333333334 0.010069444444444445 0.013194444444444444