0 0.832363295469903 0.25104166666666666 0.06758736004820397 0.03888888888888889
0 0.618466557764431 0.309375 0.5999690677388647 0.3527777777777778
0 0.8061451873532343 0.041666666666666664 0.04324140289673879 0.03194444444444444
0 0.4087413894520184 0.07013888888888889 0.06761564116534041 0.04375
0 0.22697944669696243 0.28055555555555556 0.03690655954532913 0.017361111111111112
0 0.20209031958311463 0.23993055555555556 0.02302171081603114 0.018055555555555554
0 0.3017946934251798 0.010069444444444445 0.04108938685035955 0.02013888888888889
0 0.05628434135652299 0.005902777777777778 0.06256868271304598 0.011805555555555555
0 0.1388344101780042 0.5277777777777778 0.18198219489635525 0.3645833333333333
0 0.5829053713628853 0.5232638888888889 0.12733382322797157 0.043055555555555555
0 0.7935247405168951 0.7371527777777778 0.13181701135832402 0.45555555555555555