0 0.9859642960428465 0.8072916666666666 0.02807140791430685 0.35208333333333336
0 0.8232813615708039 0.6579861111111112 0.08625704830610062 0.07222222222222222
0 0.3864724003288672 0.23993055555555556 0.06291211022703007 0.035416666666666666
0 0.46389974055799477 0.8364583333333333 0.022125741636605765 0.05138888888888889
0 0.18340026262462136 0.7815972222222223 0.08326966164509016 0.11388888888888889
0 0.17292372130274206 0.8659722222222223 0.019000498373292787 0.021527777777777778
0 0.8888093944585617 0.6496527777777777 0.013380298076242525 0.01597222222222222
0 0.7516958033276533 0.5038194444444445 0.014817670521252543 0.02013888888888889
0 0.7436702623063597 0.6197916666666666 0.009189389631514978 0.013888888888888888
0 0.8314300575889042 0.7913194444444445 0.022650493634625946 0.03680555555555556
0 0.482151324527875 0.6145833333333334 0.03858231289341379 0.03333333333333333
0 0.6075530167090654 0.8579861111111111 0.021310088301858342 0.04097222222222222
0 0.20253029374421694 0.8440972222222223 0.007760097779191868 0.010416666666666666