0 0.9868055555555556 0.5600694444444444 0.026041666666666668 0.12152777777777778
0 0.9722222222222222 0.696875 0.05520833333333333 0.06770833333333333
0 0.76875 0.6340277777777777 0.022569444444444444 0.103125
0 0.6517361111111111 0.6493055555555556 0.042708333333333334 0.11041666666666666
0 0.6368055555555555 0.1673611111111111 0.03159722222222222 0.034375
0 0.8815972222222223 0.13125 0.23680555555555555 0.21666666666666667
0 0.1763888888888889 0.9579861111111111 0.15729166666666666 0.08125
0 0.8850694444444445 0.6996527777777778 0.006597222222222222 0.008680555555555556
0 0.8472222222222222 0.5604166666666667 0.005208333333333333 0.006597222222222222
0 0.5475694444444444 0.2013888888888889 0.0125 0.02638888888888889
0 0.9572916666666667 0.2746527777777778 0.020833333333333332 0.022569444444444444
0 0.7850694444444445 0.2 0.019444444444444445 0.03194444444444444
0 0.3482638888888889 0.8520833333333333 0.010763888888888889 0.011458333333333333