0 0.828125 0.6006512236455308 0.11180555555555556 0.06384491013858609
0 0.8368055555555556 0.5579933923070841 0.029861111111111113 0.015451504640188319
0 0.8642361111111111 0.3251668674998152 0.04791666666666667 0.11138988212288604
0 0.8840277777777777 0.1353514564926015 0.029861111111111113 0.017534837973521573
0 0.8621527777777778 0.14321030257659798 0.01875 0.01747019542006652
0 0.3607638888888889 0.23890441846304952 0.28194444444444444 0.20997363812725542
0 0.4930555555555556 0.1271740688651238 0.3090277777777778 0.0636034265735244
0 0.5440972222222222 0.48510990948394694 0.017361111111111112 0.013295448434217861
0 0.9125 0.18829488081360787 0.015277777777777777 0.010505550177667387
0 0.08888888888888889 0.09739214042764048 0.02638888888888889 0.008486859397789065
0 0.6607638888888889 0.8142608785174472 0.022916666666666665 0.06263332526650092