0 0.2434926507427664 0.7913194444444445 0.037185330557103984 0.06527777777777778
0 0.31731696430180245 0.5892361111111111 0.3366826256342236 0.5756944444444444
0 0.042903018945087704 0.7496527777777777 0.030793924971421086 0.04097222222222222
0 0.10179204228118116 0.36770833333333336 0.04135199722377069 0.06527777777777778
0 0.31996204787728233 0.20833333333333334 0.01687271480580471 0.035416666666666666
0 0.2829989260976801 0.18125 0.017486356058430314 0.021527777777777778
0 0.04247516159005235 0.25833333333333336 0.037734329256274596 0.04027777777777778
0 0.04424468804729158 0.025347222222222222 0.0579338205390276 0.050694444444444445
0 0.5664552527959383 0.14270833333333333 0.35306105195434123 0.16805555555555557
0 0.5272854047564735 0.571875 0.04099288602537443 0.12291666666666666
0 0.7174590643952816 0.7927083333333333 0.44165500919309136 0.11736111111111111