0 0.023792119169494627 0.8664484906641212 0.011870198109010617 0.011248481186788064
0 0.8346540659579665 0.6351232375168334 0.018160599704920184 0.01826565096541404
0 0.7402078329363255 0.6956012384185905 0.02581564923217267 0.02113231526274733
0 0.6622974243998427 0.8527683856885495 0.01396969208070781 0.014050500742626405
0 0.6432794482948414 0.9859847936912363 0.016715148581758082 0.008527267557817847
0 0.879656052425961 0.7304394129182075 0.015374741607960294 0.016844439705777682
0 0.7854339848180241 0.29226994004176243 0.02304191161398579 0.0217944373364443
0 0.023247959753123847 0.05667778488577792 0.016093427009950458 0.021019186965131217
0 0.12633861839660085 0.04957503909400079 0.013977772399889609 0.015439389631515057
0 0.5054177905678592 0.388242832820589 0.021007060195743874 0.03010352889171707
0 0.6370915443197106 0.340179742432307 0.013957571601934799 0.011967167409292835