0 0.005555555555555556 0.004861111111111111 0.011111111111111112 0.009722222222222222
0 0.007638888888888889 0.16979166666666667 0.015277777777777777 0.11597222222222223
0 0.052083333333333336 0.11284722222222222 0.016666666666666666 0.027777777777777776
0 0.010416666666666666 0.29097222222222224 0.016666666666666666 0.03194444444444444
0 0.15833333333333333 0.4197916666666667 0.020833333333333332 0.027777777777777776
0 0.22777777777777777 0.2954861111111111 0.017708333333333333 0.026041666666666668
0 0.2638888888888889 0.03333333333333333 0.013541666666666667 0.026041666666666668
0 0.1125 0.8145833333333333 0.016666666666666666 0.027777777777777776
0 0.3159722222222222 0.7729166666666667 0.12604166666666666 0.12222222222222222
0 0.2833333333333333 0.4913194444444444 0.32916666666666666 0.10347222222222222
0 0.2791666666666667 0.35694444444444445 0.00625 0.009027777777777777