0 0.2388888888888889 0.37256944444444445 0.19444444444444445 0.7451388888888889
0 0.3590277777777778 0.4979166666666667 0.029513888888888888 0.023958333333333335
0 0.024305555555555556 0.4777777777777778 0.04861111111111111 0.05555555555555555
0 0.8861111111111111 0.09479166666666666 0.03159722222222222 0.03333333333333333
0 0.10277777777777777 0.7284722222222222 0.010416666666666666 0.011458333333333333
0 0.25381944444444443 0.7006944444444444 0.011111111111111112 0.011805555555555555
0 0.9899305555555555 0.5072916666666667 0.009375 0.010069444444444445
0 0.9423611111111111 0.2777777777777778 0.010763888888888889 0.021180555555555557
0 0.8631944444444445 0.346875 0.008333333333333333 0.010416666666666666
0 0.5677083333333334 0.4215277777777778 0.011805555555555555 0.013541666666666667
0 0.02326388888888889 0.784375 0.01597222222222222 0.018055555555555554