0 0.3566661505233735 0.03783649075904173 0.0176520124478382 0.025101003989773534
0 0.44149415024046385 0.13693444110086128 0.06032826667373696 0.05243078705815426
0 0.5184731656588067 0.2179323941316249 0.011280803557535376 0.014647975886788345
0 0.5373812237428265 0.2913013271698783 0.015463631409575542 0.016061105733222943
0 0.34313071352286684 0.30683674915108133 0.014769186965131256 0.016057065573631964
0 0.26863365637595593 0.5883286957213403 0.014115145484121032 0.019525247636263367
0 0.10467131236294643 0.4915479449639313 0.029627260449817942 0.039753020036152976
0 0.4214580667833279 0.8617687945576326 0.0390433932031911 0.13285705750679994
0 0.1411504817879591 0.07581611223737013 0.008511106372444349 0.015326259692869076
0 0.6991381476589246 0.7654742519667288 0.01623080118820184 0.02231514589281384
0 0.5075232750547837 0.6792957837145711 0.013388378668929116 0.016743429698894533