0 0.096875 0.10659722222222222 0.07013888888888889 0.0375
0 0.07361111111111111 0.28229166666666666 0.025694444444444443 0.028819444444444446
0 0.3385416666666667 0.7381944444444445 0.20729166666666668 0.2652777777777778
0 0.6916666666666667 0.25625 0.024305555555555556 0.024652777777777777
0 0.9993055555555556 0.37604166666666666 0.0010416666666666667 0.02847222222222222
0 0.8423611111111111 0.296875 0.023958333333333335 0.035416666666666666
0 0.6034722222222222 0.29131944444444446 0.010763888888888889 0.029166666666666667
0 0.4326388888888889 0.22847222222222222 0.011458333333333333 0.026041666666666668
0 0.3951388888888889 0.9378472222222223 0.006597222222222222 0.012847222222222222
0 0.043402777777777776 0.8194444444444444 0.012847222222222222 0.010763888888888889
0 0.9621527777777777 0.9472222222222222 0.005208333333333333 0.007638888888888889
0 0.9253472222222222 0.24618055555555557 0.004166666666666667 0.005902777777777778
0 0.9090277777777778 0.25243055555555555 0.005208333333333333 0.005902777777777778