0 0.3572916666666667 0.8538194444444445 0.02013888888888889 0.022569444444444444
0 0.41423611111111114 0.8541666666666666 0.024305555555555556 0.025347222222222222
0 0.4670138888888889 0.6756944444444445 0.12222222222222222 0.06979166666666667
0 0.06388888888888888 0.15034722222222222 0.017361111111111112 0.016666666666666666
0 0.8368055555555556 0.6993055555555555 0.029861111111111113 0.019097222222222224
0 0.240625 0.9472222222222222 0.008333333333333333 0.013194444444444444
0 0.10381944444444445 0.2 0.0125 0.014930555555555556
0 0.4690972222222222 0.03090277777777778 0.00798611111111111 0.013194444444444444
0 0.39791666666666664 0.043402777777777776 0.007638888888888889 0.011111111111111112
0 0.6284722222222222 0.1295138888888889 0.010763888888888889 0.014930555555555556
0 0.7072916666666667 0.378125 0.015277777777777777 0.02013888888888889
0 0.6895833333333333 0.3371527777777778 0.01597222222222222 0.01423611111111111
0 0.45868055555555554 0.4510416666666667 0.011111111111111112 0.011805555555555555
0 0.728125 0.8975694444444444 0.011805555555555555 0.013541666666666667
0 0.5753472222222222 0.921875 0.010069444444444445 0.013194444444444444
0 0.5888888888888889 0.690625 0.012847222222222222 0.023958333333333335
0 0.13125 0.6954861111111111 0.025347222222222222 0.014930555555555556
0 0.20868055555555556 0.4548611111111111 0.006597222222222222 0.008333333333333333
0 0.22395833333333334 0.46041666666666664 0.009722222222222222 0.010416666666666666