0 0.6996527777777778 0.6350694444444445 0.030208333333333334 0.03923611111111111
0 0.6680555555555555 0.7565972222222223 0.01875 0.02638888888888889
0 0.7059027777777778 0.7840277777777778 0.018055555555555554 0.022222222222222223
0 0.5607638888888888 0.40069444444444446 0.30277777777777776 0.2375
0 0.34652777777777777 0.5986111111111111 0.05 0.08993055555555556
0 0.9302083333333333 0.9 0.05694444444444444 0.05659722222222222
0 0.921875 0.25069444444444444 0.02013888888888889 0.024305555555555556
0 0.2920138888888889 0.17569444444444443 0.3975694444444444 0.13125
0 0.3954861111111111 0.2864583333333333 0.009375 0.012847222222222222
0 0.09861111111111111 0.9920138888888889 0.01597222222222222 0.01597222222222222
0 0.09756944444444444 0.7572916666666667 0.0045138888888888885 0.005902777777777778