0 0.075 0.13645833333333332 0.00625 0.008333333333333333
0 0.13784722222222223 0.1840277777777778 0.006944444444444444 0.009027777777777777
0 0.11944444444444445 0.23576388888888888 0.003125 0.010763888888888889
0 0.022569444444444444 0.2690972222222222 0.004166666666666667 0.012152777777777778
0 0.05555555555555555 0.3333333333333333 0.006944444444444444 0.011458333333333333
0 0.03333333333333333 0.5180555555555556 0.006597222222222222 0.006944444444444444
0 0.2847222222222222 0.05416666666666667 0.010069444444444445 0.013888888888888888
0 0.6565972222222223 0.06770833333333333 0.011458333333333333 0.013888888888888888
0 0.675 0.1798611111111111 0.007638888888888889 0.011458333333333333
0 0.7447916666666666 0.309375 0.01875 0.019097222222222224
0 0.8253472222222222 0.35868055555555556 0.0125 0.01840277777777778
0 0.8611111111111112 0.27743055555555557 0.010416666666666666 0.013194444444444444
0 0.934375 0.38298611111111114 0.007291666666666667 0.00798611111111111
0 0.5527777777777778 0.5739583333333333 0.010416666666666666 0.02048611111111111
0 0.7895833333333333 0.6475694444444444 0.010069444444444445 0.014583333333333334
0 0.5451388888888888 0.9260416666666667 0.022916666666666665 0.024305555555555556
0 0.4388888888888889 0.975 0.005208333333333333 0.007638888888888889
0 0.49722222222222223 0.9631944444444445 0.004166666666666667 0.005555555555555556
0 0.41631944444444446 0.9371527777777777 0.004166666666666667 0.00625
0 0.3732638888888889 0.9336805555555555 0.011111111111111112 0.03125
0 0.48020833333333335 0.8451388888888889 0.006597222222222222 0.009375
0 0.8357638888888889 0.9986111111111111 0.009027777777777777 0.002777777777777778
0 0.9763888888888889 0.5402777777777777 0.006597222222222222 0.010069444444444445
0 0.071875 0.9017361111111111 0.03194444444444444 0.028819444444444446
0 0.1545138888888889 0.8638888888888889 0.011805555555555555 0.011458333333333333
0 0.23923611111111112 0.8677083333333333 0.00798611111111111 0.011111111111111112
0 0.6729166666666667 0.9871527777777778 0.027083333333333334 0.025347222222222222
0 0.0375 0.7204861111111112 0.011458333333333333 0.014930555555555556
0 0.02013888888888889 0.6788194444444444 0.006944444444444444 0.009722222222222222
0 0.041666666666666664 0.7625 0.00798611111111111 0.009375
0 0.12222222222222222 0.7614583333333333 0.0125 0.010069444444444445
0 0.6628472222222223 0.6104166666666667 0.009027777777777777 0.0125
0 0.709375 0.6329861111111111 0.013194444444444444 0.013194444444444444
0 0.9420138888888889 0.06493055555555556 0.008680555555555556 0.012152777777777778
0 0.9923611111111111 0.06319444444444444 0.014583333333333334 0.022569444444444444
0 0.9583333333333334 0.1076388888888889 0.007291666666666667 0.009027777777777777