0 0.27395833333333336 0.7273677617405876 0.12986111111111112 0.06609440416577696
0 0.16006944444444443 0.9193179789412332 0.020833333333333332 0.03357575111393929
0 0.22152777777777777 0.9213806242662236 0.024305555555555556 0.03014393185515145
0 0.6701388888888888 0.747063339168287 0.029166666666666667 0.020478273781737104
0 0.890625 0.6667199732124298 0.011805555555555555 0.014026258964565524
0 0.3954861111111111 0.9894953246870528 0.010416666666666666 0.011926764445858377
0 0.5569444444444445 0.9612276979984681 0.011111111111111112 0.015407067260767664
0 0.5055555555555555 0.3652978840795183 0.01597222222222222 0.012685853631797923
0 0.5270833333333333 0.4081029412617811 0.013194444444444444 0.020986864594383783
0 0.7256944444444444 0.423153002864449 0.01875 0.02452373155810095
0 0.4420138888888889 0.14346781386592194 0.011111111111111112 0.011934845038545363
0 0.5569444444444445 0.0018226866291936434 0.009722222222222222 0.0036453732583872868
0 0.40625 0.7452728532781843 0.015277777777777777 0.026566661927999904
0 0.013888888888888888 0.5036578325907072 0.008333333333333333 0.011208078223353526
0 0.2701388888888889 0.04130109388925421 0.005555555555555556 0.009092422519272692
0 0.19479166666666667 0.055025060418001225 0.004861111111111111 0.008389897482141369
0 0.24305555555555555 0.06661623700404191 0.006944444444444444 0.008414139260201974