0 0.006127818056445256 0.29592221985288886 0.012255636112890511 0.07239999526133324
0 0.20067536409931538 0.3621059970648472 0.027689864311474032 0.11211261807765646
0 0.32589758039820416 0.34446328152626055 0.04929844801612049 0.11930756089539361
0 0.34522476106871247 0.8621193342704422 0.035158574227312854 0.03790402963434316
0 0.10621047490984083 0.8913477265188485 0.21242094981968165 0.21730454696230292
0 0.8344555626635557 0.03262953907627761 0.1699777635617775 0.047804997948928236
0 0.07508241359008264 0.2922325514180601 0.007057572742060556 0.009803028149090823
0 0.11675594453287144 0.4413486995721002 0.0056363614824242346 0.007009089185939388
0 0.4404568200368132 0.8253751129499771 0.014212112596363447 0.027939389631515293
0 0.006297462912881092 0.7501454506683636 0.012594925825762184 0.024507570372727137
0 0.18587828640642942 0.8279691312857967 0.021939888004807843 0.03566716503995938
0 0.6503664506506877 0.12529196956995553 0.011951006223919257 0.012637370075676715