0 0.6100694444444444 0.078125 0.4736111111111111 0.12118055555555556
0 0.6409722222222223 0.11423611111111111 0.014930555555555556 0.019444444444444445
0 0.9197916666666667 0.19652777777777777 0.019097222222222224 0.024652777777777777
0 0.9618055555555556 0.01875 0.01840277777777778 0.019444444444444445
0 0.7493055555555556 0.4583333333333333 0.022569444444444444 0.03298611111111111
0 0.8336805555555555 0.503125 0.010763888888888889 0.02013888888888889
0 0.8041666666666667 0.6534722222222222 0.014930555555555556 0.023958333333333335
0 0.2833333333333333 0.6635416666666667 0.06493055555555556 0.06493055555555556
0 0.5965277777777778 0.4329861111111111 0.008333333333333333 0.011111111111111112
0 0.2586805555555556 0.046875 0.029166666666666667 0.041666666666666664
0 0.08020833333333334 0.0024305555555555556 0.01875 0.004861111111111111
0 0.440625 0.37395833333333334 0.005208333333333333 0.00798611111111111
0 0.8826388888888889 0.7100694444444444 0.006944444444444444 0.009375