0 0.9506944444444444 0.8513643118133318 0.007638888888888889 0.00907221953327798
0 0.8829861111111111 0.8051370629198819 0.007638888888888889 0.01046110842216687
0 0.8993055555555556 0.75071811778138 0.004166666666666667 0.011135352068656503
0 0.9975694444444444 0.7113592448079425 0.004861111111111111 0.012528281117136606
0 0.9600694444444444 0.6462105206344763 0.007638888888888889 0.01254444175550036
0 0.9729166666666667 0.45427137469801976 0.007638888888888889 0.007683330644389249
0 0.7378472222222222 0.9466537806764862 0.011111111111111112 0.014647975886788345
0 0.35138888888888886 0.9506554318641274 0.0125 0.014656056205970143
0 0.3263888888888889 0.8355794305632979 0.009027777777777777 0.012552522074682
0 0.24722222222222223 0.7045632968143751 0.02013888888888889 0.020256053517026217
0 0.1607638888888889 0.6571852969453028 0.013888888888888888 0.02021969208070781
0 0.128125 0.7431065205556396 0.011805555555555555 0.014652016046379559
0 0.046875 0.6374254885501662 0.008333333333333333 0.009076259692869194
0 0.43159722222222224 0.4209137369635477 0.0125 0.021600500650414585
0 0.18229166666666666 0.35592165300373324 0.011111111111111112 0.016036864775677232
0 0.4201388888888889 0.05556929655251944 0.025 0.026534334634162764
0 0.5284722222222222 0.003769005893150706 0.005555555555555556 0.0014212101656164192
0 0.46770833333333334 0.014873825262276682 0.004166666666666667 0.0055797965131012045
0 0.5534722222222223 0.037595007193980144 0.004861111111111111 0.006972725561581032
0 0.5982638888888889 0.03924448637648474 0.0125 0.03271161176152584
0 0.49236111111111114 0.13654502870553287 0.007638888888888889 0.010461108422167027
0 0.9121527777777778 0.057737305178256836 0.034722222222222224 0.031452007979547066
0 0.8288194444444444 0.10100248602734388 0.013194444444444444 0.01327120747667231
0 0.740625 0.1011838302037388 0.009027777777777777 0.011858077630237792
0 0.9576388888888889 0.2441130467425746 0.0125 0.016044945094859188
0 0.9777777777777777 0.2862441002596008 0.007638888888888889 0.011155552866611471
0 0.9513888888888888 0.20067390752847836 0.009027777777777777 0.010469188741348903
0 0.8673611111111111 0.20574060377353 0.013194444444444444 0.011187874143338977
0 0.315625 0.38829458586741605 0.010416666666666666 0.013255046838308557
0 0.26631944444444444 0.36717440120312594 0.014583333333333334 0.014668176684743154
0 0.05625 0.9673411418157551 0.009722222222222222 0.013251006678717658
0 0.036458333333333336 0.9238232194896356 0.008333333333333333 0.010465148581758083