0 0.8096471431517784 0.945827928637089 0.2978969288739093 0.10834414272582206
0 0.6900527497972717 0.8048505449819351 0.01892372686241054 0.030079287113656504
0 0.9825071841405789 0.8603358078364383 0.03498563171884225 0.11776514074545427
0 0.9973154091172092 0.7192022170237918 0.005369181765581743 0.03826716977862614
0 0.9093864894145696 0.37062673878983277 0.027261100355334772 0.030870698670343207
0 0.8672367921741868 0.22743761019163095 0.024483322577556994 0.030838376299595814
0 0.6805679709805201 0.6068369112030261 0.06839088880160363 0.058430786972201706
0 0.1834901004341712 0.8645767123205241 0.024483322577556994 0.030838376299595894
0 0.10703292839384074 0.4342022403104842 0.06782168930447838 0.07995048415729258
0 0.13716837079553143 0.8994519792771709 0.2650282138935343 0.19890395855434173
0 0.6404288842008337 0.4511720243828849 0.010489389539303633 0.012621208890302979