0 0.6801874972416541 0.41597222222222224 0.012718176002545394 0.01875
0 0.37370437637029963 0.5451388888888888 0.08819785013082569 0.41805555555555557
0 0.3563148880048078 0.035416666666666666 0.15007321186080766 0.06597222222222222
0 0.06628356830397945 0.05659722222222222 0.13226007408585805 0.08680555555555555
0 0.07286691389062108 0.83125 0.12059383471248274 0.3375
0 0.7414583692799753 0.6982638888888889 0.017619690077090886 0.022222222222222223
0 0.20842854469902541 0.7840277777777778 0.01341262044698976 0.01875
0 0.30135383771833935 0.6534722222222222 0.009334840299878602 0.02638888888888889
0 0.0912071411167438 0.5871527777777777 0.014785348150504952 0.017361111111111112
0 0.044627960623089505 0.22465277777777778 0.017627770669777634 0.022916666666666665
0 0.44244887649407855 0.365625 0.01341262044698984 0.01875