0 0.08715277777777777 0.4465277777777778 0.17430555555555555 0.19583333333333333
0 0.013194444444444444 0.5159722222222223 0.014583333333333334 0.019791666666666666
0 0.6725694444444444 0.7180555555555556 0.014583333333333334 0.018055555555555554
0 0.7298611111111111 0.7177083333333333 0.018055555555555554 0.015625
0 0.5815972222222222 0.8809027777777778 0.14548611111111112 0.2378472222222222
0 0.37222222222222223 0.8996527777777777 0.013541666666666667 0.021180555555555557
0 0.7822916666666667 0.5364583333333334 0.11875 0.06215277777777778
0 0.8902777777777777 0.7836805555555556 0.010069444444444445 0.012847222222222222
0 0.8100694444444444 0.8375 0.009375 0.014583333333333334
0 0.9041666666666667 0.5517361111111111 0.015625 0.022916666666666665
0 0.5222222222222223 0.32083333333333336 0.007291666666666667 0.009722222222222222
0 0.5371527777777778 0.3246527777777778 0.00798611111111111 0.011458333333333333
0 0.44513888888888886 0.5604166666666667 0.02673611111111111 0.016666666666666666
0 0.5548611111111111 0.8131944444444444 0.010069444444444445 0.013541666666666667
0 0.5197916666666667 0.9746527777777778 0.00625 0.011805555555555555
0 0.95625 0.9263888888888889 0.005902777777777778 0.009722222222222222
0 0.415625 0.06666666666666667 0.00798611111111111 0.013194444444444444
0 0.196875 0.8253472222222222 0.010416666666666666 0.025