0 0.09861111111111111 0.06076388888888889 0.078125 0.12152777777777778
0 0.6597222222222222 0.09722222222222222 0.6791666666666667 0.19444444444444445
0 0.04236111111111111 0.8652777777777778 0.084375 0.15868055555555555
0 0.05555555555555555 0.3736111111111111 0.009722222222222222 0.015625
0 0.10347222222222222 0.3909722222222222 0.00798611111111111 0.022916666666666665
0 0.1 0.3625 0.008333333333333333 0.013194444444444444
0 0.07777777777777778 0.24409722222222222 0.007638888888888889 0.010069444444444445
0 0.9482638888888889 0.04097222222222222 0.018055555555555554 0.013888888888888888
0 0.6239583333333333 0.3871527777777778 0.00798611111111111 0.009375
0 0.6006944444444444 0.3302083333333333 0.00625 0.00798611111111111
0 0.6954861111111111 0.3770833333333333 0.006944444444444444 0.010069444444444445
0 0.5392361111111111 0.44166666666666665 0.010069444444444445 0.011805555555555555
0 0.3295138888888889 0.5423611111111111 0.006597222222222222 0.011111111111111112
0 0.6791666666666667 0.7979166666666667 0.011458333333333333 0.016319444444444445
0 0.43333333333333335 0.796875 0.007638888888888889 0.010763888888888889
0 0.959375 0.7868055555555555 0.007638888888888889 0.010069444444444445
0 0.8211805555555556 0.48055555555555557 0.009027777777777777 0.011805555555555555
0 0.7461805555555555 0.20833333333333334 0.01840277777777778 0.010763888888888889
0 0.7701388888888889 0.23819444444444443 0.01875 0.010069444444444445
0 0.6038194444444445 0.2423611111111111 0.007291666666666667 0.008333333333333333
0 0.484375 0.21388888888888888 0.011111111111111112 0.011805555555555555
0 0.41388888888888886 0.02361111111111111 0.008333333333333333 0.008333333333333333
0 0.44583333333333336 0.08194444444444444 0.007291666666666667 0.010069444444444445
0 0.5618055555555556 0.09722222222222222 0.007291666666666667 0.00798611111111111