0 0.04342264245772109 0.9585535220310397 0.009766663977722582 0.007695451123162103
0 0.10133983935318748 0.8873651176589009 0.011163633185793347 0.00909242033123279
0 0.16119942700150172 0.9113236824948331 0.012528281117136606 0.00493383398374792
0 0.2724178338443715 0.9900930879495882 0.01393333064438925 0.007719692080707496
0 0.11469738381227457 0.2589918793466568 0.013251006678717658 0.009798985254450087
0 0.26876685514615994 0.1835019259667523 0.023049991933167747 0.023049991933167747
0 0.3296878472538981 0.09149836897943947 0.022311105733222942 0.01540706288468788
0 0.2353300347380602 0.04615926068820027 0.016048985254450088 0.013287368115036082
0 0.5722218226606178 0.42102328427770064 0.02438231858778358 0.013335850030127478
0 0.6664592929555293 0.14727527074569494 0.01743383398374808 0.012601003989773533
0 0.9848551479271189 0.4463398057413863 0.029324232890713297 0.027253020036152816
0 0.9937220138290551 0.597775156465571 0.0069727255615810516 0.0049015127070205725
0 0.983949521114545 0.6487582408181691 0.030632318587783577 0.013372211466445884
0 0.887362698017501 0.5186868099057302 0.011159593026202527 0.008397975886788344
0 0.9401180868585228 0.9898192831077991 0.0355661525715315 0.0203614337844019
0 0.8986125635702965 0.900683776424857 0.014668176684743154 0.014668176684743154
0 0.906020931859903 0.8014246827045974 0.012560602393864112 0.010489389539303475
0 0.7772787134528839 0.9333100818297756 0.01258888351100072 0.015350500650414586
0 0.6187026755979023 0.293867459574329 0.015346460490823688 0.011894439066556276
0 0.6472090076740488 0.24021568175290864 0.01606514589281384 0.01606514589281384