0 0.5527777777777778 0.9993055555555556 0.0125 0.001388888888888889
0 0.4309027777777778 0.7847222222222222 0.013194444444444444 0.020833333333333332
0 0.33993055555555557 0.6395833333333333 0.016666666666666666 0.01840277777777778
0 0.7329861111111111 0.26631944444444444 0.021527777777777778 0.11145833333333334
0 0.7888888888888889 0.1951388888888889 0.017361111111111112 0.029861111111111113
0 0.8430555555555556 0.14166666666666666 0.019097222222222224 0.036458333333333336
0 0.8048611111111111 0.2659722222222222 0.01423611111111111 0.01423611111111111
0 0.8458333333333333 0.19722222222222222 0.007638888888888889 0.010763888888888889
0 0.9173611111111111 0.02326388888888889 0.02048611111111111 0.017708333333333333
0 0.375 0.04826388888888889 0.019097222222222224 0.052083333333333336
0 0.33784722222222224 0.8954861111111111 0.014583333333333334 0.017708333333333333
0 0.5559027777777777 0.9680555555555556 0.009375 0.013541666666666667
0 0.06180555555555556 0.9770833333333333 0.121875 0.04583333333333333
0 0.353125 0.5673611111111111 0.0125 0.013194444444444444
0 0.9652777777777778 0.8430555555555556 0.011458333333333333 0.014583333333333334
0 0.8697916666666666 0.8472222222222222 0.008333333333333333 0.009722222222222222
0 0.7513888888888889 0.7364583333333333 0.019791666666666666 0.022569444444444444
0 0.6715277777777777 0.6385416666666667 0.00625 0.007291666666666667