0 0.39861111111111114 0.035652384938533586 0.058333333333333334 0.06283937340563905
0 0.38506944444444446 0.38730971293762134 0.016666666666666666 0.025096963830182516
0 0.9663194444444444 0.6226357709596836 0.03611111111111111 0.02729342163206228
0 0.8107638888888888 0.9276335529890906 0.03194444444444444 0.03490806956340546
0 0.9631944444444445 0.12122870135263544 0.013888888888888888 0.01049746985848551
0 0.14027777777777778 0.12373277890403678 0.0125 0.00979494509485919
0 0.171875 0.2815554950543135 0.01597222222222222 0.012592923670591618
0 0.08090277777777778 0.04144290081456688 0.014583333333333334 0.011890398906965327
0 0.38472222222222224 0.12932158174671476 0.027083333333333334 0.01751867733515782
0 0.46597222222222223 0.6023637248632994 0.0125 0.010489389539303633
0 0.5482638888888889 0.9094397059970482 0.009027777777777777 0.007691410963570888
0 0.6211805555555555 0.9900722560874303 0.02013888888888889 0.012617164628137327
0 0.6673611111111111 0.14381314892245006 0.010416666666666666 0.008393935727197446