0 0.28854166666666664 0.5965277777777778 0.019791666666666666 0.021180555555555557
0 0.012152777777777778 0.37604166666666666 0.024305555555555556 0.02847222222222222
0 0.5402777777777777 0.4795138888888889 0.019791666666666666 0.017708333333333333
0 0.8059027777777777 0.33958333333333335 0.023958333333333335 0.025694444444444443
0 0.3388888888888889 0.08368055555555555 0.014930555555555556 0.017013888888888887
0 0.03298611111111111 0.9350694444444444 0.00798611111111111 0.010763888888888889
0 0.1954861111111111 0.5125 0.008333333333333333 0.008680555555555556
0 0.29618055555555556 0.47708333333333336 0.011111111111111112 0.010763888888888889
0 0.4059027777777778 0.9322916666666666 0.016319444444444445 0.017708333333333333
0 0.3763888888888889 0.9458333333333333 0.00625 0.009375
0 0.9847222222222223 0.9690972222222223 0.030555555555555555 0.06180555555555556