0 0.13854166666666667 0.1829861111111111 0.010069444444444445 0.009027777777777777
0 0.02361111111111111 0.26805555555555555 0.009375 0.00798611111111111
0 0.12013888888888889 0.23541666666666666 0.009375 0.010069444444444445
0 0.07604166666666666 0.1371527777777778 0.011111111111111112 0.0125
0 0.825 0.3576388888888889 0.014930555555555556 0.015277777777777777
0 0.7444444444444445 0.309375 0.020833333333333332 0.017013888888888887
0 0.6756944444444445 0.17916666666666667 0.011805555555555555 0.011458333333333333
0 0.6576388888888889 0.06631944444444444 0.014930555555555556 0.011458333333333333
0 0.8611111111111112 0.2767361111111111 0.0125 0.014583333333333334
0 0.7902777777777777 0.6479166666666667 0.01875 0.018055555555555554
0 0.5427083333333333 0.9246527777777778 0.03576388888888889 0.028819444444444446
0 0.03854166666666667 0.7194444444444444 0.017013888888888887 0.017708333333333333
0 0.06805555555555555 0.9020833333333333 0.028819444444444446 0.02847222222222222
0 0.15347222222222223 0.8645833333333334 0.0125 0.017361111111111112
0 0.041666666666666664 0.7611111111111111 0.010416666666666666 0.009722222222222222
0 0.240625 0.8680555555555556 0.011805555555555555 0.012847222222222222
0 0.1232638888888889 0.7618055555555555 0.019097222222222224 0.010416666666666666
0 0.020833333333333332 0.6795138888888889 0.011111111111111112 0.012152777777777778
0 0.28506944444444443 0.05451388888888889 0.012152777777777778 0.013194444444444444
0 0.5527777777777778 0.5736111111111111 0.016666666666666666 0.025347222222222222
0 0.6645833333333333 0.6111111111111112 0.011805555555555555 0.010069444444444445
0 0.05555555555555555 0.3333333333333333 0.008333333333333333 0.00798611111111111
0 0.6722222222222223 0.9888888888888889 0.030555555555555555 0.022222222222222223