0 0.17524264107805518 0.10037278875176718 0.009786864775677313 0.011167673345384285
0 0.23275830509942036 0.0788568999501635 0.011171713504975225 0.010481309220121717
0 0.1231126144068273 0.03296544730795896 0.013961611761525855 0.012580803191818823
0 0.3851757095503956 0.8516074570684041 0.016763630496849185 0.0167636304968495
0 0.32945629602880816 0.7640814275336617 0.019577769710945523 0.023029791135213095
0 0.18458561474751944 0.6916578918396886 0.012576763032227866 0.013267167317081411
0 0.06052627742441256 0.6750179492155605 0.012596963830182595 0.016739389539303633
0 0.2968744323793899 0.8934420218606935 0.016053025414041064 0.013981812559480507
0 0.7036691594163709 0.8056558015939399 0.020260093676617113 0.02095049796147066
0 0.9921097586496709 0.5244450456768557 0.015780482700658165 0.03969241764228886
0 0.9650073185877834 0.010435015443831599 0.03279241495334462 0.020870030887663198
0 0.9256080440184368 0.0991323963137552 0.01952524763626305 0.014002013357435238
0 0.9317231616773376 0.19528063059258322 0.013961611761525697 0.012580803191818844
0 0.8118845701701776 0.06854296240687409 0.011926760343283781 0.020902016046379344
0 0.037652431995055184 0.26472046725682663 0.01466009636556122 0.013279287795854187
0 0.6160450085384522 0.5460873369387721 0.02788686208673315 0.018911606383637685
0 0.6598136522618089 0.6684062914885782 0.011183833983748078 0.012564642553455012
0 0.33753838151611393 0.004633704661024794 0.007683330644389249 0.007683330644389243