0 0.022916666666666665 0.39861111111111114 0.044444444444444446 0.03125
0 0.21041666666666667 0.3815972222222222 0.07569444444444444 0.14444444444444443
0 0.059722222222222225 0.6385416666666667 0.11736111111111111 0.1527777777777778
0 0.4111111111111111 0.5003472222222223 0.03819444444444445 0.021527777777777778
0 0.4149305555555556 0.43368055555555557 0.030555555555555555 0.034027777777777775
0 0.6295138888888889 0.5729166666666666 0.025694444444444443 0.01875
0 0.6197916666666666 0.8354166666666667 0.03125 0.024305555555555556
0 0.46041666666666664 0.08020833333333334 0.013888888888888888 0.013194444444444444
0 0.48993055555555554 0.25104166666666666 0.011111111111111112 0.010416666666666666
0 0.5788194444444444 0.3770833333333333 0.011805555555555555 0.009722222222222222
0 0.8777777777777778 0.46458333333333335 0.016666666666666666 0.017361111111111112
0 0.8996527777777777 0.46631944444444445 0.019444444444444445 0.019444444444444445
0 0.7732638888888889 0.3951388888888889 0.009722222222222222 0.011111111111111112
0 0.7041666666666667 0.6694444444444444 0.013888888888888888 0.009027777777777777
0 0.5260416666666666 0.6295138888888889 0.0125 0.0125
0 0.8215277777777777 0.05347222222222222 0.016666666666666666 0.0125