0 0.2859606991958514 0.266255959403983 0.12467725023792219 0.06461207745566734
0 0.16892730401680398 0.08987468782907854 0.020328776389663142 0.03275605351702618
0 0.22763816076929158 0.08500774798117974 0.02308231320989525 0.028605547488723262
0 0.6615543711531211 0.2260785545517756 0.028581306531177592 0.018915646543228585
0 0.8747324234566031 0.28982090362599006 0.011886358747374162 0.013957571601934877
0 0.3898820736404643 0.010601882943646824 0.009778784456495436 0.0097787844564954
0 0.5442989986991706 0.028167485119297907 0.01119999462211183 0.015342420331232839
0 0.5222300075952124 0.5985445119214536 0.016048985254450088 0.013287368115036063
0 0.5405320128858153 0.556288444959707 0.01331564923217267 0.0209100963655612
0 0.7288799833947155 0.5309944393199632 0.018891405585683033 0.024414639864510927
0 0.47167604272605596 0.81284099392383 0.01117979382415702 0.011870198109010566
0 0.573877866259526 0.9721215131786405 0.06544342432100653 0.028851997223770492
0 0.5872359371674035 0.9440732762108682 0.009778784456495436 0.009778784456495436
0 0.410758922718903 0.24198116805055692 0.014732819238198165 0.025779287795854266
0 0.033559518826833015 0.49847599726741326 0.005608077630237792 0.009060099054505284
0 0.048518355499525156 0.49370174958750745 0.008389895567606508 0.009770704137313482
0 0.3127164846561267 0.9195587264259844 0.005604037470646814 0.008365654610060839
0 0.2405447644287913 0.9104579942729709 0.004215148581757925 0.008357574290879041
0 0.2857624364297035 0.8971789379797154 0.006992926359535703 0.008373734929242952
0 0.2130978167322732 0.9728004280489243 0.006298481915091259 0.008369694769651739