0 0.9326388888888889 0.07139815655285627 0.08055555555555556 0.13241310295699363
0 0.5131944444444444 0.27972178904881667 0.2125 0.24984739994593916
0 0.10347222222222222 0.8262964282234947 0.18888888888888888 0.12609892340873613
0 0.042708333333333334 0.630109580925954 0.027083333333333334 0.01890756622404663
0 0.24131944444444445 0.932653955457852 0.02847222222222222 0.021693424321006204
0 0.24375 0.9899067776032072 0.02638888888888889 0.0201864447935855
0 0.43194444444444446 0.9897153330278351 0.05694444444444444 0.020569333944329866
0 0.9145833333333333 0.652890334625714 0.013888888888888888 0.0091085809695967
0 0.9802083333333333 0.039730463040391295 0.008333333333333333 0.013242926359535742
0 0.4361111111111111 0.24073166466755552 0.015277777777777777 0.013283327955445163
0 0.13819444444444445 0.817470658425264 0.0125 0.010489389539303475
0 0.6510416666666666 0.7676765385053964 0.0125 0.007711611761525698
0 0.646875 0.7832772975478507 0.009722222222222222 0.007695451123162103