0 0.228125 0.14577163687006864 0.011111111111111112 0.01742575366456616
0 0.20243055555555556 0.1872888176318705 0.009722222222222222 0.013251006678717658
0 0.1857638888888889 0.2406640760239101 0.009722222222222222 0.010473228900939881
0 0.09652777777777778 0.26931158218314083 0.011805555555555555 0.01604090493526829
0 0.134375 0.24939288199195822 0.008333333333333333 0.011854037470646814
0 0.25069444444444444 0.17750016427899645 0.006944444444444444 0.009762623818131644
0 0.1909722222222222 0.1535415994430644 0.010416666666666666 0.011866157949419668
0 0.10208333333333333 0.0887883479043128 0.007638888888888889 0.010461108422167027
0 0.12013888888888889 0.03958783649812172 0.029861111111111113 0.04045150464018825
0 0.021875 0.7497800428048925 0.009027777777777777 0.010469188741348666
0 0.6392361111111111 0.19364952245901693 0.014583333333333334 0.01744595446252093
0 0.6291666666666667 0.4137298290338372 0.014583333333333334 0.018834843351409822
0 0.45208333333333334 0.6918662550048138 0.025 0.03070100130082949
0 0.1701388888888889 0.6926565057664473 0.07430555555555556 0.09834896374289726
0 0.10659722222222222 0.11763405338609836 0.008333333333333333 0.009076259692869076
0 0.1329861111111111 0.07542646833944301 0.00625 0.011147472547429595
0 0.365625 0.5656688106912972 0.007638888888888889 0.009766663977722582
0 0.9534722222222223 0.9795054724516956 0.09305555555555556 0.010958048051852782
0 0.3138888888888889 0.90252059657955 0.009027777777777777 0.009080299852459776
0 0.29444444444444445 0.953101916555448 0.005555555555555556 0.0069767657211719505
0 0.9649305555555555 0.03964157952939059 0.02361111111111111 0.02235958764831422