0 0.14444444444444443 0.017013888888888887 0.05277777777777778 0.034027777777777775
0 0.19652777777777777 0.14583333333333334 0.016666666666666666 0.019097222222222224
0 0.334375 0.17673611111111112 0.012152777777777778 0.017361111111111112
0 0.49270833333333336 0.2263888888888889 0.013194444444444444 0.014583333333333334
0 0.3038194444444444 0.4486111111111111 0.010416666666666666 0.013194444444444444
0 0.17326388888888888 0.3072916666666667 0.013194444444444444 0.013194444444444444
0 0.5006944444444444 0.5819444444444445 0.33402777777777776 0.17673611111111112
0 0.5145833333333333 0.7631944444444444 0.1371527777777778 0.043055555555555555
0 0.26006944444444446 0.8444444444444444 0.016319444444444445 0.021527777777777778
0 0.14270833333333333 0.7579861111111111 0.04583333333333333 0.07673611111111112
0 0.09791666666666667 0.6392361111111111 0.01423611111111111 0.019444444444444445
0 0.005902777777777778 0.30451388888888886 0.011805555555555555 0.6090277777777777
0 0.42291666666666666 0.3836805555555556 0.005902777777777778 0.00625