0 0.37881944444444443 0.29375 0.28888888888888886 0.12986111111111112
0 0.12743055555555555 0.3545138888888889 0.02048611111111111 0.019791666666666666
0 0.13993055555555556 0.8364583333333333 0.029513888888888888 0.1125
0 0.28923611111111114 0.8572916666666667 0.07673611111111112 0.033680555555555554
0 0.40625 0.7909722222222222 0.07256944444444445 0.08993055555555556
0 0.7270833333333333 0.9715277777777778 0.05659722222222222 0.03125
0 0.7774305555555555 0.18194444444444444 0.014930555555555556 0.02013888888888889
0 0.3416666666666667 0.8822916666666667 0.01875 0.013541666666666667
0 0.37430555555555556 0.8940972222222222 0.006597222222222222 0.008680555555555556
0 0.334375 0.7527777777777778 0.007291666666666667 0.008680555555555556
0 0.2076388888888889 0.03888888888888889 0.011458333333333333 0.012152777777777778
0 0.7232638888888889 0.6930555555555555 0.02048611111111111 0.02013888888888889
0 0.9770833333333333 0.5774305555555556 0.015625 0.010069444444444445
0 0.6322916666666667 0.6097222222222223 0.00798611111111111 0.010763888888888889
0 0.7347222222222223 0.5746527777777778 0.013888888888888888 0.013541666666666667
0 0.5715277777777777 0.35 0.009375 0.0125
0 0.4527777777777778 0.4736111111111111 0.019791666666666666 0.021527777777777778
0 0.041666666666666664 0.3909722222222222 0.011111111111111112 0.027777777777777776