0 0.7777777777777778 0.32083333333333336 0.3697916666666667 0.42083333333333334
0 0.9927083333333333 0.37777777777777777 0.014583333333333334 0.08888888888888889
0 0.5409722222222222 0.45208333333333334 0.026041666666666668 0.09444444444444444
0 0.3659722222222222 0.20798611111111112 0.40729166666666666 0.15138888888888888
0 0.9885416666666667 0.96875 0.022916666666666665 0.036458333333333336
0 0.7385416666666667 0.7989583333333333 0.016666666666666666 0.02326388888888889
0 0.771875 0.8246527777777778 0.016666666666666666 0.021875
0 0.834375 0.8986111111111111 0.2604166666666667 0.20277777777777778
0 0.9295138888888889 0.6388888888888888 0.019097222222222224 0.028819444444444446
0 0.9256944444444445 0.6770833333333334 0.05486111111111111 0.05243055555555556
0 0.16805555555555557 0.7857638888888889 0.005902777777777778 0.008333333333333333
0 0.3888888888888889 0.7951388888888888 0.007291666666666667 0.007291666666666667