0 0.32013888888888886 0.5760416666666667 0.011805555555555555 0.017708333333333333
0 0.6291666666666667 0.45902777777777776 0.06770833333333333 0.41180555555555554
0 0.6225694444444444 0.9666666666666667 0.1451388888888889 0.06666666666666667
0 0.9201388888888888 0.95625 0.14652777777777778 0.0875
0 0.9440972222222223 0.17569444444444443 0.11180555555555556 0.35138888888888886
0 0.2722222222222222 0.2951388888888889 0.016666666666666666 0.021180555555555557
0 0.8034722222222223 0.22881944444444444 0.011805555555555555 0.018055555555555554
0 0.7059027777777778 0.3545138888888889 0.008333333333333333 0.02638888888888889
0 0.9104166666666667 0.42743055555555554 0.013194444444444444 0.016666666666666666
0 0.9399305555555556 0.7875 0.016666666666666666 0.021875
0 0.5527777777777778 0.634375 0.012152777777777778 0.017708333333333333