0 0.5847222222222223 0.4330565189577608 0.019444444444444445 0.020946457801879762
0 0.5795138888888889 0.4935034868213596 0.024305555555555556 0.02097473891901621
0 0.3746527777777778 0.5613620005673539 0.020833333333333332 0.014010093676617114
0 0.009722222222222222 0.40723510443239347 0.013888888888888888 0.013275247636263367
0 0.37881944444444443 0.8089072040542526 0.025 0.014728779078607267
0 0.8614583333333333 0.7870020709163265 0.19375 0.09696053785920576
0 0.9506944444444444 0.4003717992977793 0.02847222222222222 0.025165646543228743
0 0.778125 0.38609800117835036 0.06527777777777778 0.13787977500154844
0 0.9947916666666666 0.6598374713859768 0.004166666666666667 0.00974646317976793
0 0.13576388888888888 0.4540712599110821 0.035416666666666666 0.03353938147247138
0 0.2076388888888889 0.0692781033934197 0.019444444444444445 0.015390902246324127
0 0.5152777777777777 0.25950220158352166 0.010416666666666666 0.008393935727197446
0 0.4305555555555556 0.37735621216472753 0.011111111111111112 0.007009086997899456
0 0.24513888888888888 0.39267104588661994 0.013888888888888888 0.009803025414040987
0 0.47256944444444443 0.6153062269539201 0.015277777777777777 0.013283327955445163
0 0.5465277777777777 0.0989037277352626 0.0125 0.013961611761525855