0 0.8248279982711932 0.6360290359643181 0.0807337855827544 0.15092926815898947
0 0.9555420460611903 0.37155980398185257 0.08216307606755259 0.15788987378880756
0 0.6171835121481154 0.5152020803804811 0.039712618440243354 0.022682816005373575
0 0.6143550008728522 0.5835765760838547 0.03214645242399159 0.03509392948581807
0 0.39224838620416924 0.4417465947202602 0.02719645780187976 0.019759587559232097
0 0.3990243014587877 0.1723627547209672 0.032788374793753725 0.02607423230072704
0 0.0029562916152816913 0.6063227253341819 0.0059125832305633825 0.022294947556403915
0 0.571612957247199 0.946992750300562 0.014668176684743154 0.014753025779757283
0 0.5389525419883561 0.7712536193330268 0.011870198109010566 0.011248481186787748
0 0.44664037579753363 0.6423930421352093 0.012560602393864112 0.010562117335030367
0 0.13845069963227746 0.5544262186858981 0.018164639864510966 0.018960095409858487
0 0.11588731542721943 0.5531219327569084 0.020256053517026175 0.0203732260768081
0 0.2467272392287389 0.6251352758858368 0.010481309220121757 0.011232320001413932
0 0.3146910286266964 0.3432680835985435 0.013949491282753001 0.010578278520403946
0 0.49780417326232346 0.38324858229009795 0.013271207476672467 0.013347975705494895
0 0.2012781206181494 0.9763663499540189 0.017437874143338975 0.013396459261616023