0 0.5326734617480107 0.065625 0.21534692349602125 0.13125
0 0.23129900836388176 0.6649305555555556 0.019537368115036063 0.01597222222222222
0 0.23061893598060432 0.7270833333333333 0.016779791135213093 0.019444444444444445
0 0.09459399379290229 0.5628472222222223 0.18358024607357817 0.16180555555555556
0 0.03771932613090444 0.33611111111111114 0.023009590337258325 0.01597222222222222
0 0.42714896534077634 0.7871527777777778 0.0702039944475413 0.13055555555555556
0 0.15731938016319313 0.9 0.01395353144234394 0.011111111111111112
0 0.09951461322847695 0.8118055555555556 0.01533838017164189 0.010416666666666666
0 0.4088193734408329 0.9190972222222222 0.025101003989773572 0.017361111111111112
0 0.6644238104730842 0.5097222222222222 0.011155552866611471 0.007638888888888889
0 0.6600008251749915 0.5253472222222222 0.012548481915091258 0.008333333333333333
0 0.4048809123474614 0.42118055555555556 0.01891968670281964 0.029166666666666667
0 0.12915460963148687 0.5350694444444445 0.015342420331232828 0.011111111111111112
0 0.9412079404940891 0.39861111111111114 0.013937370803980305 0.008333333333333333
0 0.1206481804999462 0.14722222222222223 0.02715201604637932 0.011805555555555555