0 0.5635416666666667 0.09236111111111112 0.027083333333333334 0.03888888888888889
0 0.5760416666666667 0.259375 0.12743055555555555 0.06458333333333334
0 0.35 0.11041666666666666 0.13402777777777777 0.12465277777777778
0 0.4670138888888889 0.4357638888888889 0.01840277777777778 0.03333333333333333
0 0.5263888888888889 0.43993055555555555 0.029166666666666667 0.02673611111111111
0 0.3993055555555556 0.6284722222222222 0.016319444444444445 0.022916666666666665
0 0.16631944444444444 0.615625 0.021180555555555557 0.027430555555555555
0 0.534375 0.9784722222222222 0.019097222222222224 0.020833333333333332
0 0.2590277777777778 0.984375 0.07708333333333334 0.03125
0 0.9489583333333333 0.2847222222222222 0.029513888888888888 0.029513888888888888
0 0.8399305555555555 0.4861111111111111 0.011805555555555555 0.011805555555555555
0 0.6875 0.5097222222222222 0.009027777777777777 0.010069444444444445
0 0.5739583333333333 0.5864583333333333 0.008680555555555556 0.010416666666666666
0 0.49166666666666664 0.8506944444444444 0.015277777777777777 0.014930555555555556
0 0.48993055555555554 0.8701388888888889 0.017361111111111112 0.017013888888888887
0 0.5552083333333333 0.7586805555555556 0.009722222222222222 0.008680555555555556
0 0.3125 0.6930555555555555 0.00798611111111111 0.012152777777777778
0 0.3506944444444444 0.5354166666666667 0.010763888888888889 0.011111111111111112
0 0.8579861111111111 0.8069444444444445 0.010763888888888889 0.014583333333333334