0 0.225 0.5461805555555556 0.009027777777777777 0.0125
0 0.69375 0.79375 0.01875 0.021875
0 0.9263888888888889 0.46111111111111114 0.09027777777777778 0.10798611111111112
0 0.6361111111111111 0.1996527777777778 0.013194444444444444 0.02048611111111111
0 0.9590277777777778 0.08090277777777778 0.059722222222222225 0.01840277777777778
0 0.5784722222222223 0.17395833333333333 0.010763888888888889 0.013194444444444444
0 0.5041666666666667 0.4111111111111111 0.022222222222222223 0.044097222222222225
0 0.45243055555555556 0.5625 0.008333333333333333 0.015277777777777777
0 0.4263888888888889 0.9385416666666667 0.018055555555555554 0.011805555555555555
0 0.03680555555555556 0.1267361111111111 0.009027777777777777 0.0125
0 0.0045138888888888885 0.14166666666666666 0.009027777777777777 0.0125
0 0.2586805555555556 0.23854166666666668 0.014583333333333334 0.019097222222222224
0 0.1840277777777778 0.9413194444444445 0.0125 0.010416666666666666
0 0.08472222222222223 0.9736111111111111 0.007638888888888889 0.009375