0 0.6791666666666667 0.6211805555555555 0.025 0.030208333333333334
0 0.6493055555555556 0.74375 0.016666666666666666 0.017361111111111112
0 0.6854166666666667 0.7701388888888889 0.01423611111111111 0.019444444444444445
0 0.6170138888888889 0.8677083333333333 0.3125 0.13923611111111112
0 0.8895833333333333 0.8541666666666666 0.03784722222222222 0.06284722222222222
0 0.08020833333333334 0.9923611111111111 0.01875 0.015277777777777777
0 0.3246527777777778 0.5895833333333333 0.04097222222222222 0.09131944444444444
0 0.6642361111111111 0.5017361111111112 0.309375 0.11215277777777778
0 0.25833333333333336 0.1996527777777778 0.41041666666666665 0.06875
0 0.3715277777777778 0.275 0.008680555555555556 0.013194444444444444
0 0.8996527777777777 0.2309027777777778 0.013888888888888888 0.01597222222222222
0 0.05694444444444444 0.5357638888888889 0.007291666666666667 0.011111111111111112
0 0.07708333333333334 0.7520833333333333 0.012152777777777778 0.011111111111111112
0 0.8052083333333333 0.24479166666666666 0.00798611111111111 0.010069444444444445