0 0.6410574016916434 0.944039166356944 0.025101003989773416 0.01750655685638473
0 0.4358755608982499 0.8786071680069144 0.021628781767551192 0.017486356058430234
0 0.43414372144932845 0.8181783808614749 0.01956564923217267 0.020946457801879762
0 0.5077252258713036 0.6446422442053948 0.011155552866611471 0.007703531442343901
0 0.4791405736883312 0.4847483152005576 0.015350500650414586 0.01258888351100072
0 0.24419521667821237 0.7604741549113346 0.06252066380315213 0.12327624087026044
0 0.2665743740602781 0.37552187509502755 0.024455041460420386 0.02583585003012748
0 0.7711533050642265 0.7850684138186368 0.008373734929242952 0.006992926359535861
0 0.8164084960144509 0.4669181460152929 0.019533327955445164 0.015390902246324206
0 0.9124627125532866 0.25045573891056755 0.016739389539303477 0.012596963830182595
0 0.8708021061260063 0.2491716626684444 0.026485852719071723 0.016820192731122396
0 0.19215055980718473 0.1566787199218372 0.012548481915091258 0.0084060562059703
0 0.8694028218919485 0.8477948942583282 0.01258888351100072 0.015350500650414586
0 0.5390061581324389 0.9967095009298673 0.00977070413731364 0.006580998140265453