0 0.046875 0.5784722222222223 0.09375 0.05381944444444445
0 0.4013888888888889 0.603125 0.02326388888888889 0.015277777777777777
0 0.6430555555555556 0.05486111111111111 0.024305555555555556 0.034027777777777775
0 0.9305555555555556 0.21354166666666666 0.03159722222222222 0.028819444444444446
0 0.1625 0.040625 0.009722222222222222 0.013541666666666667
0 0.14201388888888888 0.8288194444444444 0.008680555555555556 0.011805555555555555
0 0.29375 0.8038194444444444 0.011458333333333333 0.014583333333333334
0 0.06180555555555556 0.8829861111111111 0.011111111111111112 0.013541666666666667
0 0.15381944444444445 0.5951388888888889 0.015625 0.025347222222222222
0 0.609375 0.5329861111111112 0.009027777777777777 0.012152777777777778
0 0.9059027777777777 0.4642361111111111 0.007291666666666667 0.008680555555555556
0 0.9850694444444444 0.3972222222222222 0.011111111111111112 0.01875
0 0.17569444444444443 0.3246527777777778 0.007291666666666667 0.010069444444444445
0 0.021180555555555557 0.35555555555555557 0.008333333333333333 0.009027777777777777
0 0.9847222222222223 0.0125 0.030555555555555555 0.024652777777777777