0 0.0798611111111111 0.6416666666666667 0.01597222222222222 0.023958333333333335
0 0.1440972222222222 0.446875 0.01597222222222222 0.02048611111111111
0 0.20173611111111112 0.4461805555555556 0.02013888888888889 0.017708333333333333
0 0.3663194444444444 0.5180555555555556 0.007291666666666667 0.010416666666666666
0 0.5190972222222222 0.49270833333333336 0.012152777777777778 0.01423611111111111
0 0.2590277777777778 0.2652777777777778 0.11666666666666667 0.05694444444444444
0 0.6256944444444444 0.29097222222222224 0.024305555555555556 0.022569444444444444
0 0.2142361111111111 0.9895833333333334 0.010416666666666666 0.013888888888888888
0 0.22951388888888888 0.7677083333333333 0.00625 0.007638888888888889
0 0.5322916666666667 0.8145833333333333 0.01423611111111111 0.01840277777777778
0 0.7375 0.9083333333333333 0.011458333333333333 0.015625
0 0.7392361111111111 0.8684027777777777 0.015277777777777777 0.024652777777777777
0 0.8347222222222223 0.2222222222222222 0.00798611111111111 0.011805555555555555
0 0.16875 0.8607638888888889 0.014583333333333334 0.011805555555555555
0 0.029513888888888888 0.54375 0.00798611111111111 0.009722222222222222