0 0.6756944444444445 0.09513888888888888 0.4774305555555556 0.12048611111111111
0 0.7083333333333334 0.1375 0.00798611111111111 0.015277777777777777
0 0.9868055555555556 0.21284722222222222 0.017013888888888887 0.020833333333333332
0 0.9388888888888889 0.5114583333333333 0.010069444444444445 0.02013888888888889
0 0.821875 0.4795138888888889 0.021875 0.03333333333333333
0 0.8760416666666667 0.6736111111111112 0.012847222222222222 0.01875
0 0.9243055555555556 0.6746527777777778 0.04097222222222222 0.08159722222222222
0 0.146875 0.020833333333333332 0.015625 0.01840277777777778
0 0.6645833333333333 0.45381944444444444 0.010069444444444445 0.011805555555555555
0 0.3697916666666667 0.08611111111111111 0.035069444444444445 0.046875
0 0.9517361111111111 0.7302083333333333 0.005208333333333333 0.006597222222222222