0 0.42118055555555556 0.5440972222222222 0.02048611111111111 0.027083333333333334
0 0.35381944444444446 0.7357638888888889 0.014930555555555556 0.02361111111111111
0 0.33611111111111114 0.8708333333333333 0.07569444444444444 0.04375
0 0.12430555555555556 0.7225694444444445 0.01875 0.021875
0 0.30694444444444446 0.6416666666666667 0.0125 0.019097222222222224
0 0.528125 0.69375 0.009027777777777777 0.010069444444444445
0 0.6420138888888889 0.6190972222222222 0.010763888888888889 0.011458333333333333
0 0.7920138888888889 0.5947916666666667 0.013888888888888888 0.012152777777777778
0 0.5822916666666667 0.21770833333333334 0.024305555555555556 0.03715277777777778
0 0.5184027777777778 0.20208333333333334 0.02638888888888889 0.030555555555555555
0 0.48993055555555554 0.35347222222222224 0.08020833333333334 0.10902777777777778
0 0.19618055555555555 0.2621527777777778 0.05138888888888889 0.21284722222222222
0 0.9052083333333333 0.39444444444444443 0.034722222222222224 0.022222222222222223
0 0.001736111111111111 0.07361111111111111 0.003472222222222222 0.146875
0 0.4795138888888889 0.5444444444444444 0.025 0.022569444444444444
0 0.8111111111111111 0.9166666666666666 0.014930555555555556 0.019444444444444445
0 0.26631944444444444 0.8010416666666667 0.008333333333333333 0.013888888888888888
0 0.11215277777777778 0.29375 0.009722222222222222 0.011111111111111112
0 0.19444444444444445 0.38472222222222224 0.020833333333333332 0.011458333333333333
0 0.4444444444444444 0.9590277777777778 0.0125 0.010416666666666666
0 0.45625 0.9694444444444444 0.0125 0.006597222222222222
0 0.5076388888888889 0.8673611111111111 0.006597222222222222 0.010416666666666666
0 0.27569444444444446 0.14756944444444445 0.008680555555555556 0.014930555555555556
0 0.29097222222222224 0.15243055555555557 0.010416666666666666 0.011111111111111112
0 0.19791666666666666 0.653125 0.00798611111111111 0.013888888888888888
0 0.5614583333333333 0.6729166666666667 0.011458333333333333 0.013194444444444444