0 0.9846805077622466 0.6485222774949153 0.01614240119527229 0.07448332859466657
0 0.7864332665853573 0.5897262561885909 0.030475722681938718 0.11283938489284821
0 0.659797919619519 0.6123774796131556 0.05140602312751431 0.12141513600678751
0 0.631499525320041 0.09055524672893325 0.03656362430157556 0.039309079708605824
0 0.8760813398401622 0.08165466424430542 0.2242262092085645 0.16330932848861085
0 0.15199474298045043 0.9606010607185869 0.17448381512129246 0.07702014817171611
0 0.9141297519096405 0.6548980132081875 0.007057572742060516 0.009803028149090981
0 0.8696865237817608 0.5061298170663086 0.0056363614824243135 0.007009089185939388
0 0.535891962055314 0.13194006570481143 0.014922718226181549 0.029336359113090814
0 0.9789106684171527 0.18962378920012735 0.01835453748496939 0.02590453985430293
0 0.7929576153900614 0.11853357974400497 0.022634332449252448 0.03567524563264632
0 0.3359265266992376 0.8473647537308305 0.012653531261050451 0.01333989511280783