0 0.34097222222222223 0.2454861111111111 0.027430555555555555 0.03229166666666667
0 0.3559027777777778 0.6989583333333333 0.03229166666666667 0.03819444444444445
0 0.09826388888888889 0.8076388888888889 0.07847222222222222 0.38472222222222224
0 0.6597222222222222 0.9913194444444444 0.6791666666666667 0.017361111111111112
0 0.013194444444444444 0.4076388888888889 0.007638888888888889 0.012152777777777778
0 0.11145833333333334 0.48333333333333334 0.007291666666666667 0.016319444444444445
0 0.10416666666666667 0.6711805555555556 0.016319444444444445 0.025
0 0.4395833333333333 0.38680555555555557 0.008333333333333333 0.011805555555555555
0 0.6708333333333333 0.1892361111111111 0.009722222222222222 0.011805555555555555
0 0.7930555555555555 0.12708333333333333 0.011805555555555555 0.014930555555555556
0 0.6590277777777778 0.26979166666666665 0.02673611111111111 0.02361111111111111
0 0.8246527777777778 0.11284722222222222 0.011458333333333333 0.011805555555555555
0 0.9184027777777778 0.1267361111111111 0.007291666666666667 0.009722222222222222
0 0.7208333333333333 0.12152777777777778 0.010416666666666666 0.03090277777777778
0 0.5059027777777778 0.7395833333333334 0.019444444444444445 0.030208333333333334
0 0.5645833333333333 0.6555555555555556 0.009722222222222222 0.014930555555555556
0 0.5739583333333333 0.6954861111111111 0.006944444444444444 0.010416666666666666
0 0.9659722222222222 0.9277777777777778 0.011458333333333333 0.014930555555555556
0 0.8600694444444444 0.9586805555555555 0.009027777777777777 0.009722222222222222
0 0.684375 0.8229166666666666 0.015625 0.021180555555555557
0 0.6402777777777777 0.8746527777777777 0.008333333333333333 0.009375