0 0.834375 0.05451388888888889 0.2604166666666667 0.10902777777777778
0 0.7239583333333334 0.17118055555555556 0.027083333333333334 0.030555555555555555
0 0.27847222222222223 0.0954861111111111 0.023958333333333335 0.03333333333333333
0 0.42569444444444443 0.4288194444444444 0.21145833333333333 0.6388888888888888
0 0.19722222222222222 0.4666666666666667 0.04479166666666667 0.051041666666666666
0 0.709375 0.3434027777777778 0.0625 0.04652777777777778
0 0.9940972222222222 0.2590277777777778 0.011805555555555555 0.03194444444444444
0 0.9097222222222222 0.5677083333333334 0.026041666666666668 0.029166666666666667
0 0.8673611111111111 0.6885416666666667 0.015625 0.026041666666666668
0 0.9857638888888889 0.13784722222222223 0.02847222222222222 0.09652777777777778
0 0.671875 0.48333333333333334 0.006944444444444444 0.012152777777777778