0 0.29756944444444444 0.7416666666666667 0.12048611111111111 0.058680555555555555
0 0.1875 0.9184027777777778 0.01840277777777778 0.03125
0 0.24513888888888888 0.921875 0.021527777777777778 0.027430555555555555
0 0.6680555555555555 0.7704861111111111 0.027083333333333334 0.017708333333333333
0 0.8763888888888889 0.7017361111111111 0.011111111111111112 0.013194444444444444
0 0.40729166666666666 0.9920138888888889 0.010069444444444445 0.012847222222222222
0 0.5586805555555555 0.9684027777777777 0.010416666666666666 0.01423611111111111
0 0.5201388888888889 0.4083333333333333 0.014930555555555556 0.012152777777777778
0 0.5395833333333333 0.44895833333333335 0.012152777777777778 0.019791666666666666
0 0.7256944444444444 0.46875 0.017361111111111112 0.022916666666666665
0 0.46458333333333335 0.1986111111111111 0.010069444444444445 0.011111111111111112
0 0.5607638888888888 0.03923611111111111 0.06354166666666666 0.02638888888888889
0 0.5746527777777778 0.06631944444444444 0.009375 0.009375
0 0.42083333333333334 0.7618055555555555 0.013541666666666667 0.024652777777777777
0 0.04236111111111111 0.5204861111111111 0.005555555555555556 0.008680555555555556
0 0.057291666666666664 0.5246527777777777 0.00798611111111111 0.010069444444444445
0 0.30486111111111114 0.09861111111111111 0.005555555555555556 0.008333333333333333
0 0.23402777777777778 0.10902777777777778 0.0045138888888888885 0.00798611111111111
0 0.2795138888888889 0.12152777777777778 0.006944444444444444 0.008333333333333333
0 0.20555555555555555 0.04861111111111111 0.00625 0.008333333333333333