0 0.7347222222222223 0.8479166666666667 0.010069444444444445 0.01597222222222222
0 0.7614583333333333 0.8090277777777778 0.008680555555555556 0.011805555555555555
0 0.7805555555555556 0.7583333333333333 0.008680555555555556 0.009722222222222222
0 0.8680555555555556 0.7350694444444444 0.011111111111111112 0.015277777777777777
0 0.8305555555555556 0.7524305555555556 0.007291666666666667 0.010416666666666666
0 0.7145833333333333 0.8163194444444445 0.00625 0.009722222222222222
0 0.7708333333333334 0.8420138888888888 0.009027777777777777 0.010763888888888889
0 0.853125 0.9079861111111112 0.006597222222222222 0.009027777777777777
0 0.8336805555555555 0.9680555555555556 0.027083333333333334 0.06354166666666666
0 0.9899305555555555 0.8479166666666667 0.02013888888888889 0.09444444444444444
0 0.9934027777777777 0.4409722222222222 0.012152777777777778 0.029166666666666667
0 0.9638888888888889 0.27569444444444446 0.007638888888888889 0.009375
0 0.3416666666666667 0.7836805555555556 0.013194444444444444 0.016319444444444445
0 0.3625 0.5722222222222222 0.013888888888888888 0.017361111111111112
0 0.5465277777777777 0.3121527777777778 0.02326388888888889 0.02847222222222222
0 0.5527777777777778 0.006944444444444444 0.0125 0.013888888888888888
0 0.8180555555555555 0.32395833333333335 0.06631944444444444 0.090625
0 0.8503472222222223 0.8805555555555555 0.006944444444444444 0.008333333333333333
0 0.9961805555555555 0.9496527777777778 0.007638888888888889 0.011805555555555555
0 0.8225694444444445 0.9201388888888888 0.005555555555555556 0.010416666666666666
0 0.6236111111111111 0.4378472222222222 0.006597222222222222 0.008680555555555556
0 0.06180555555555556 0.007291666666666667 0.121875 0.014583333333333334
0 0.6902777777777778 0.11597222222222223 0.008333333333333333 0.00798611111111111
0 0.7118055555555556 0.06840277777777778 0.0045138888888888885 0.006597222222222222
0 0.019444444444444445 0.9173611111111111 0.024652777777777777 0.019791666666666666